c,d,MIp
380,380,
380,383,
380,386,0.03272
380,391,0.06098
380,392,0.00332
380,394,0.08244
380,395,0.07585
380,396,0.01237
380,398,0.04513
380,399,0.02392
380,402,-0.01001
380,403,-0.03439
380,406,
380,407,
380,412,
380,421,0.00451
380,422,
380,425,
380,429,0.00522
380,501,0.01152
380,533,
380,534,
380,535,-0.00072
380,596,
380,597,
380,599,
380,600,
380,603,0.06563
380,604,-0.00878
380,607,0.04935
380,640,0.02475
380,641,-0.0153
380,642,0.04621
380,667,0.02577
380,688,
380,689,0.08408
380,690,0.02712
380,691,0.01018
380,692,0.04743
380,693,-0.0199
380,433,
380,434,
380,435,
380,437,-0.00222
380,438,0.01061
380,439,-0.00228
380,440,
380,670,0.01726
380,671,-0.00538
380,672,0.02325
380,673,0.02202
383,380,
383,383,
383,386,
383,391,
383,392,
383,394,
383,395,
383,396,
383,398,
383,399,
383,402,
383,403,
383,406,
383,407,
383,412,
383,421,
383,422,
383,425,
383,429,
383,501,
383,533,
383,534,
383,535,
383,596,
383,597,
383,599,
383,600,
383,603,
383,604,
383,607,
383,640,
383,641,
383,642,
383,667,
383,688,
383,689,
383,690,
383,691,
383,692,
383,693,
383,433,
383,434,
383,435,
383,437,
383,438,
383,439,
383,440,
383,670,
383,671,
383,672,
383,673,
386,380,0.03272
386,383,
386,386,
386,391,0.01501
386,392,0.01932
386,394,0.03024
386,395,0.0078
386,396,0.0074
386,398,0.07365
386,399,0.02495
386,402,0.01637
386,403,0.00082
386,406,
386,407,
386,412,
386,421,-0.01083
386,422,
386,425,
386,429,0.01823
386,501,0.01885
386,533,
386,534,
386,535,-0.00342
386,596,
386,597,
386,599,
386,600,
386,603,0.07827
386,604,0.00236
386,607,0.02974
386,640,0.03709
386,641,0.00589
386,642,0.05677
386,667,0.00288
386,688,
386,689,0.10528
386,690,0.07663
386,691,0.01576
386,692,0.0934
386,693,-0.01418
386,433,
386,434,
386,435,
386,437,0.01217
386,438,0.0065
386,439,0.06679
386,440,
386,670,0.01988
386,671,-0.00316
386,672,-0.01885
386,673,-0.00965
391,380,0.06098
391,383,
391,386,0.01501
391,391,
391,392,-0.02002
391,394,0.01218
391,395,0.01181
391,396,-0.00293
391,398,0.0049
391,399,-0.02146
391,402,0.00747
391,403,-0.05223
391,406,
391,407,
391,412,
391,421,0.02851
391,422,
391,425,
391,429,-0.01113
391,501,-0.02057
391,533,
391,534,
391,535,0.00989
391,596,
391,597,
391,599,
391,600,
391,603,0.03722
391,604,-0.01092
391,607,0.00355
391,640,0.05342
391,641,0.02914
391,642,-0.00227
391,667,0.00819
391,688,
391,689,0.04751
391,690,0.00034
391,691,0.00129
391,692,0.03482
391,693,-0.03183
391,433,
391,434,
391,435,
391,437,-0.00593
391,438,0.00194
391,439,0.02471
391,440,
391,670,-0.00026
391,671,0.00461
391,672,-0.0335
391,673,0.06311
392,380,0.00332
392,383,
392,386,0.01932
392,391,-0.02002
392,392,
392,394,-0.01905
392,395,0.00259
392,396,0.03163
392,398,0.03695
392,399,0.03953
392,402,-0.00955
392,403,0.02107
392,406,
392,407,
392,412,
392,421,-0.02928
392,422,
392,425,
392,429,0.01744
392,501,0.00732
392,533,
392,534,
392,535,-0.01253
392,596,
392,597,
392,599,
392,600,
392,603,0.02896
392,604,0.01048
392,607,0.01469
392,640,0.01645
392,641,0.00165
392,642,-0.01608
392,667,0.03931
392,688,
392,689,0.01236
392,690,0.02151
392,691,0.02492
392,692,0.01009
392,693,0.00267
392,433,
392,434,
392,435,
392,437,0.02382
392,438,0.02506
392,439,0.02753
392,440,
392,670,-0.02536
392,671,-0.00257
392,672,-0.01254
392,673,0.01725
394,380,0.08244
394,383,
394,386,0.03024
394,391,0.01218
394,392,-0.01905
394,394,
394,395,0.04143
394,396,0.00573
394,398,0.04799
394,399,0.02687
394,402,-0.04339
394,403,0.02308
394,406,
394,407,
394,412,
394,421,-0.0163
394,422,
394,425,
394,429,-0.00436
394,501,0.00381
394,533,
394,534,
394,535,-0.04671
394,596,
394,597,
394,599,
394,600,
394,603,0.01366
394,604,0.00425
394,607,0.04247
394,640,-0.00347
394,641,-0.00494
394,642,-0.00553
394,667,-0.00075
394,688,
394,689,0.07616
394,690,0.04914
394,691,0.0106
394,692,0.04428
394,693,-0.0051
394,433,
394,434,
394,435,
394,437,0.00494
394,438,0.00514
394,439,0.01823
394,440,
394,670,-0.02572
394,671,0.028
394,672,0.02145
394,673,0.00108
395,380,0.07585
395,383,
395,386,0.0078
395,391,0.01181
395,392,0.00259
395,394,0.04143
395,395,
395,396,0.01374
395,398,0.0091
395,399,0.03088
395,402,-0.04284
395,403,-0.0256
395,406,
395,407,
395,412,
395,421,-0.00256
395,422,
395,425,
395,429,0.00428
395,501,-0.00478
395,533,
395,534,
395,535,0.01842
395,596,
395,597,
395,599,
395,600,
395,603,0.03056
395,604,0.00262
395,607,-0.00738
395,640,0.00097
395,641,-0.0113
395,642,0.05193
395,667,0.016
395,688,
395,689,0.05497
395,690,0.01353
395,691,0.01158
395,692,0.05638
395,693,-0.01379
395,433,
395,434,
395,435,
395,437,0.00464
395,438,0.01585
395,439,-0.00691
395,440,
395,670,0.00668
395,671,0.01515
395,672,0.01035
395,673,0.02328
396,380,0.01237
396,383,
396,386,0.0074
396,391,-0.00293
396,392,0.03163
396,394,0.00573
396,395,0.01374
396,396,
396,398,0.01305
396,399,0.02574
396,402,0.00679
396,403,-0.00941
396,406,
396,407,
396,412,
396,421,-0.00927
396,422,
396,425,
396,429,0.0039
396,501,0.00378
396,533,
396,534,
396,535,-0.01564
396,596,
396,597,
396,599,
396,600,
396,603,0.0136
396,604,0.00593
396,607,-0.0061
396,640,0.01344
396,641,-0.00346
396,642,-0.00925
396,667,0.03664
396,688,
396,689,0.01635
396,690,0.00964
396,691,0.00146
396,692,-0.00829
396,693,0.00647
396,433,
396,434,
396,435,
396,437,0.02772
396,438,0.03312
396,439,0.00453
396,440,
396,670,-0.00688
396,671,-0.00316
396,672,-0.00672
396,673,0.0035
398,380,0.04513
398,383,
398,386,0.07365
398,391,0.0049
398,392,0.03695
398,394,0.04799
398,395,0.0091
398,396,0.01305
398,398,
398,399,0.01274
398,402,0.01597
398,403,0.03365
398,406,
398,407,
398,412,
398,421,-0.03236
398,422,
398,425,
398,429,0.04791
398,501,0.00901
398,533,
398,534,
398,535,-0.02002
398,596,
398,597,
398,599,
398,600,
398,603,0.0588
398,604,-0.00156
398,607,0.03465
398,640,0.005
398,641,-0.00106
398,642,0.05097
398,667,0.01449
398,688,
398,689,0.08584
398,690,0.08136
398,691,-0.01355
398,692,0.05592
398,693,-0.01839
398,433,
398,434,
398,435,
398,437,0.01054
398,438,0.00219
398,439,0.04195
398,440,
398,670,0.01342
398,671,0.0086
398,672,-0.01151
398,673,0.001
399,380,0.02392
399,383,
399,386,0.02495
399,391,-0.02146
399,392,0.03953
399,394,0.02687
399,395,0.03088
399,396,0.02574
399,398,0.01274
399,399,
399,402,0.00298
399,403,0.0206
399,406,
399,407,
399,412,
399,421,-0.03213
399,422,
399,425,
399,429,-0.01175
399,501,0.03215
399,533,
399,534,
399,535,-0.00195
399,596,
399,597,
399,599,
399,600,
399,603,0.01494
399,604,0.01456
399,607,-0.01558
399,640,0.02832
399,641,-0.01437
399,642,0.00355
399,667,0.02464
399,688,
399,689,0.03409
399,690,0.03865
399,691,0.03005
399,692,0.01743
399,693,0.02362
399,433,
399,434,
399,435,0.02298
399,437,0.02155
399,438,0.0188
399,439,
399,440,
399,670,-0.00304
399,671,-0.01441
399,672,-0.01199
399,673,-0.01241
402,380,-0.01001
402,383,
402,386,0.01637
402,391,0.00747
402,392,-0.00955
402,394,-0.04339
402,395,-0.04284
402,396,0.00679
402,398,0.01597
402,399,0.00298
402,402,
402,403,-0.01305
402,406,
402,407,
402,412,
402,421,-0.00861
402,422,
402,425,
402,429,0.00206
402,501,-0.01205
402,533,
402,534,
402,535,0.02991
402,596,
402,597,
402,599,
402,600,
402,603,-0.0028
402,604,-0.0044
402,607,0.01971
402,640,0.00041
402,641,-0.00614
402,642,0.00919
402,667,0.0125
402,688,
402,689,0.00476
402,690,0.00842
402,691,-0.01043
402,692,-0.01389
402,693,-0.01584
402,433,
402,434,
402,435,
402,437,0.00113
402,438,0.00252
402,439,0.01791
402,440,
402,670,0.02803
402,671,0.01313
402,672,0.04134
402,673,0.00059
403,380,-0.03439
403,383,
403,386,0.00082
403,391,-0.05223
403,392,0.02107
403,394,0.02308
403,395,-0.0256
403,396,-0.00941
403,398,0.03365
403,399,0.0206
403,402,-0.01305
403,403,
403,406,
403,407,
403,412,
403,421,-0.00353
403,422,
403,425,
403,429,0.0314
403,501,0.03239
403,533,
403,534,
403,535,-0.02504
403,596,
403,597,
403,599,
403,600,
403,603,-0.03133
403,604,-0.00214
403,607,-0.00503
403,640,-0.05388
403,641,-0.01782
403,642,-0.03298
403,667,-0.00837
403,688,
403,689,-0.04115
403,690,0.0407
403,691,-0.04696
403,692,-0.06031
403,693,0.02751
403,433,
403,434,
403,435,
403,437,-0.00286
403,438,0.00271
403,439,0.00266
403,440,
403,670,-0.02776
403,671,-0.03061
403,672,0.00008
403,673,-0.02648
406,380,
406,383,
406,386,
406,391,
406,392,
406,394,
406,395,
406,396,
406,398,
406,399,
406,402,
406,403,
406,406,
406,407,
406,412,
406,421,
406,422,
406,425,
406,429,
406,501,
406,533,
406,534,
406,535,
406,596,
406,597,
406,599,
406,600,
406,603,
406,604,
406,607,
406,640,
406,641,
406,642,
406,667,
406,688,
406,689,
406,690,
406,691,
406,692,
406,693,
406,433,
406,434,
406,435,
406,437,
406,438,
406,439,
406,440,
406,670,
406,671,
406,672,
406,673,
407,380,
407,383,
407,386,
407,391,
407,392,
407,394,
407,395,
407,396,
407,398,
407,399,
407,402,
407,403,
407,406,
407,407,
407,412,
407,421,
407,422,
407,425,
407,429,
407,501,
407,533,
407,534,
407,535,
407,596,
407,597,
407,599,
407,600,
407,603,
407,604,
407,607,
407,640,
407,641,
407,642,
407,667,
407,688,
407,689,
407,690,
407,691,
407,692,
407,693,
407,433,
407,434,
407,435,
407,437,
407,438,
407,439,
407,440,
407,670,
407,671,
407,672,
407,673,
412,380,
412,383,
412,386,
412,391,
412,392,
412,394,
412,395,
412,396,
412,398,
412,399,
412,402,
412,403,
412,406,
412,407,
412,412,
412,421,
412,422,
412,425,
412,429,
412,501,
412,533,
412,534,
412,535,
412,596,
412,597,
412,599,
412,600,
412,603,
412,604,
412,607,
412,640,
412,641,
412,642,
412,667,
412,688,
412,689,
412,690,
412,691,
412,692,
412,693,
412,433,
412,434,
412,435,
412,437,
412,438,
412,439,
412,440,
412,670,
412,671,
412,672,
412,673,
421,380,0.00451
421,383,
421,386,-0.01083
421,391,0.02851
421,392,-0.02928
421,394,-0.0163
421,395,-0.00256
421,396,-0.00927
421,398,-0.03236
421,399,-0.03213
421,402,-0.00861
421,403,-0.00353
421,406,
421,407,
421,412,
421,421,
421,422,
421,425,
421,429,0.00719
421,501,-0.01882
421,533,
421,534,
421,535,0.03611
421,596,
421,597,
421,599,
421,600,
421,603,-0.01503
421,604,-0.0145
421,607,-0.03675
421,640,-0.03215
421,641,-0.02525
421,642,0.00327
421,667,-0.01235
421,688,
421,689,-0.02567
421,690,-0.04013
421,691,-0.02231
421,692,-0.01996
421,693,-0.02863
421,433,
421,434,
421,435,
421,437,-0.0078
421,438,-0.00321
421,439,-0.02599
421,440,
421,670,0.02515
421,671,-0.01875
421,672,-0.02015
421,673,0.05414
422,380,
422,383,
422,386,
422,391,
422,392,
422,394,
422,395,
422,396,
422,398,
422,399,
422,402,
422,403,
422,406,
422,407,
422,412,
422,421,
422,422,
422,425,
422,429,
422,501,
422,533,
422,534,
422,535,
422,596,
422,597,
422,599,
422,600,
422,603,
422,604,
422,607,
422,640,
422,641,
422,642,
422,667,
422,688,
422,689,
422,690,
422,691,
422,692,
422,433,
422,434,
422,435,
422,437,
422,438,
422,439,
422,440,
422,670,
422,671,
422,672,
422,673,
422,693,
425,380,
425,383,
425,386,
425,391,
425,392,
425,394,
425,395,
425,396,
425,398,
425,399,
425,402,
425,403,
425,406,
425,407,
425,412,
425,421,
425,422,
425,425,
425,429,
425,501,
425,533,
425,534,
425,535,
425,596,
425,597,
425,599,
425,600,
425,603,
425,604,
425,607,
425,640,
425,641,
425,642,
425,667,
425,688,
425,689,
425,690,
425,691,
425,692,
425,693,
425,433,
425,434,
425,435,
425,437,
425,438,
425,439,
425,440,
425,670,
425,671,
425,672,
425,673,
429,380,0.00522
429,383,
429,386,0.01823
429,391,-0.01113
429,392,0.01744
429,394,-0.00436
429,395,0.00428
429,396,0.0039
429,398,0.04791
429,399,-0.01175
429,402,0.00206
429,403,0.0314
429,406,
429,407,
429,412,
429,421,0.00719
429,422,
429,425,
429,429,
429,501,-0.00483
429,533,
429,534,
429,535,-0.03733
429,596,
429,597,
429,599,
429,600,
429,603,0.00032
429,604,-0.00404
429,607,0.01796
429,640,-0.03855
429,641,-0.01732
429,642,0.01999
429,667,-0.00596
429,688,
429,689,0.00052
429,690,0.01252
429,691,-0.03778
429,692,-0.04109
429,693,0.00114
429,433,
429,434,
429,435,
429,437,-0.00726
429,438,0.00552
429,439,0.00707
429,440,
429,670,0.02168
429,671,-0.02962
429,672,0.00934
429,673,-0.01726
433,433,
433,434,
433,435,
433,437,
433,438,
433,439,
433,440,
433,670,
433,671,
433,672,
433,673,
433,380,
433,386,
433,391,
433,392,
433,394,
433,395,
433,396,
433,398,
433,399,
433,402,
433,403,
433,421,
433,429,
433,501,
433,535,
433,603,
433,604,
433,607,
433,640,
433,641,
433,642,
433,667,
433,689,
433,690,
433,691,
433,692,
433,693,
433,383,
433,406,
433,407,
433,412,
433,422,
433,425,
433,533,
433,534,
433,596,
433,597,
433,599,
433,600,
433,688,
434,432,
434,434,
434,435,
434,437,
434,438,
434,439,
434,440,
434,670,
434,671,
434,672,
434,673,
434,380,
434,386,
434,391,
434,392,
434,394,
434,395,
434,396,
434,398,
434,399,
434,402,
434,403,
434,421,
434,429,
434,501,
434,535,
434,603,
434,604,
434,607,
434,640,
434,641,
434,642,
434,667,
434,689,
434,690,
434,691,
434,692,
434,693,
434,383,
434,406,
434,407,
434,412,
434,422,
434,425,
434,533,
434,534,
434,596,
434,597,
434,599,
434,600,
434,688,
435,432,
435,434,
435,435,
435,437,
435,438,
435,439,
435,440,
435,670,
435,671,
435,672,
435,673,
435,380,
435,386,
435,391,
435,392,
435,394,
435,395,
435,396,
435,398,
435,399,
435,402,
435,403,
435,421,
435,429,
435,501,
435,535,
435,603,
435,604,
435,607,
435,640,
435,641,
435,642,
435,667,
435,689,
435,690,
435,691,
435,692,
435,693,
435,383,
435,406,
435,407,
435,412,
435,422,
435,425,
435,533,
435,534,
435,596,
435,597,
435,599,
435,600,
435,688,
437,433,
437,434,
437,435,
437,437,
437,438,0.01579
437,439,0.01167
437,440,
437,670,-0.00937
437,671,-0.001
437,672,-0.00905
437,673,0.00495
437,380,-0.00222
437,386,0.01217
437,391,-0.00593
437,392,0.02382
437,394,0.00494
437,395,0.00464
437,396,0.02772
437,398,0.01054
437,399,0.02298
437,402,0.00113
437,403,-0.00286
437,421,-0.0078
437,429,-0.00726
437,501,0.01105
437,535,-0.01321
437,603,0.00658
437,604,0.01028
437,607,0.00312
437,640,0.00099
437,641,0.00107
437,642,-0.00869
437,667,0.02643
437,689,0.01429
437,690,0.01453
437,691,0.00389
437,692,-0.00216
437,693,-0.00185
437,383,
437,406,
437,407,
437,412,
437,422,
437,425,
437,533,
437,534,
437,596,
437,597,
437,599,
437,600,
437,688,
438,433,
438,434,
438,435,
438,437,0.01579
438,438,
438,439,0.00621
438,440,
438,670,-0.00004
438,671,-0.00591
438,672,0.00385
438,673,-0.00694
438,380,0.01061
438,386,0.0065
438,391,0.00194
438,392,0.02506
438,394,0.00514
438,395,0.01585
438,396,0.03312
438,398,0.00219
438,399,0.02155
438,402,0.00252
438,403,0.00271
438,421,-0.00321
438,429,0.00552
438,501,0.00469
438,535,-0.00546
438,603,0.01051
438,604,0.00632
438,607,-0.00683
438,640,0.02472
438,641,-0.00275
438,642,-0.01078
438,667,0.03452
438,689,0.00534
438,690,0.00539
438,691,0.00629
438,692,-0.00533
438,693,0.0048
438,383,
438,406,
438,407,
438,412,
438,422,
438,425,
438,533,
438,534,
438,596,
438,597,
438,599,
438,600,
438,688,
439,433,
439,434,
439,435,
439,437,0.01167
439,438,0.00621
439,439,
439,440,
439,670,0.02612
439,671,-0.02688
439,672,0.00693
439,673,-0.03807
439,380,-0.00228
439,386,0.06679
439,391,0.02471
439,392,0.02753
439,394,0.01823
439,395,-0.00691
439,396,0.00453
439,398,0.04195
439,399,0.0188
439,402,0.01791
439,403,0.00266
439,421,-0.02599
439,429,0.00707
439,501,-0.00519
439,535,-0.03781
439,603,0.0026
439,604,-0.00721
439,607,0.03617
439,640,0.01803
439,641,0.00601
439,642,0.00352
439,667,0.00686
439,689,0.03006
439,690,0.01037
439,691,0.00194
439,692,0.03236
439,693,0.00735
439,383,
439,406,
439,407,
439,412,
439,422,
439,425,
439,533,
439,534,
439,596,
439,597,
439,599,
439,600,
439,688,
440,433,
440,434,
440,435,
440,437,
440,438,
440,439,
440,440,
440,670,
440,671,
440,672,
440,673,
440,380,
440,386,
440,391,
440,392,
440,394,
440,395,
440,396,
440,398,
440,399,
440,402,
440,403,
440,421,
440,429,
440,501,
440,535,
440,603,
440,604,
440,607,
440,640,
440,641,
440,642,
440,667,
440,689,
440,690,
440,691,
440,692,
440,693,
440,383,
440,406,
440,407,
440,412,
440,422,
440,425,
440,533,
440,534,
440,596,
440,597,
440,599,
440,600,
440,688,
501,380,0.01152
501,383,
501,386,0.01885
501,391,-0.02057
501,392,0.00732
501,394,0.00381
501,395,-0.00478
501,396,0.00378
501,398,0.00901
501,399,0.03215
501,402,-0.01205
501,403,0.03239
501,406,
501,407,
501,412,
501,421,-0.01882
501,422,
501,425,
501,429,-0.00483
501,501,
501,533,
501,534,
501,535,-0.00314
501,596,
501,597,
501,599,
501,600,
501,603,0.00502
501,604,0.01256
501,607,0.02422
501,640,0.00501
501,641,-0.0073
501,642,-0.00958
501,667,0.00805
501,688,
501,689,0.00464
501,690,0.02667
501,691,-0.00764
501,692,-0.00032
501,693,0.03231
501,433,
501,434,
501,435,
501,437,0.01105
501,438,0.00469
501,439,-0.00519
501,440,
501,670,-0.02764
501,671,-0.0271
501,672,0.00373
501,673,-0.00681
533,380,
533,383,
533,386,
533,391,
533,392,
533,394,
533,395,
533,396,
533,398,
533,399,
533,402,
533,403,
533,406,
533,407,
533,412,
533,421,
533,422,
533,425,
533,429,
533,501,
533,533,
533,534,
533,535,
533,596,
533,597,
533,599,
533,600,
533,603,
533,604,
533,607,
533,640,
533,641,
533,642,
533,667,
533,688,
533,689,
533,690,
533,691,
533,692,
533,693,
533,433,
533,434,
533,435,
533,437,
533,438,
533,439,
533,440,
533,670,
533,671,
533,672,
533,673,
534,380,
534,383,
534,386,
534,391,
534,392,
534,394,
534,395,
534,396,
534,398,
534,399,
534,402,
534,403,
534,406,
534,407,
534,412,
534,421,
534,422,
534,425,
534,429,
534,501,
534,533,
534,534,
534,535,
534,596,
534,597,
534,599,
534,600,
534,603,
534,604,
534,607,
534,640,
534,641,
534,642,
534,667,
534,688,
534,689,
534,690,
534,691,
534,692,
534,693,
534,433,
534,434,
534,435,
534,437,
534,438,
534,439,
534,440,
534,670,
534,671,
534,672,
534,673,
535,380,-0.00072
535,383,
535,386,-0.00342
535,391,0.00989
535,392,-0.01253
535,394,-0.04671
535,395,0.01842
535,396,-0.01564
535,398,-0.02002
535,399,-0.00195
535,402,0.02991
535,403,-0.02504
535,406,
535,407,
535,412,
535,421,0.03611
535,422,
535,425,
535,429,-0.03733
535,501,-0.00314
535,533,
535,534,
535,535,
535,596,
535,597,
535,599,
535,600,
535,603,0.03497
535,604,-0.00016
535,607,-0.0395
535,640,-0.01809
535,641,-0.00973
535,642,0.01246
535,667,-0.01228
535,688,
535,689,0.00251
535,690,0.00142
535,691,-0.02676
535,692,0.01624
535,693,0.00348
535,433,
535,434,
535,435,
535,437,-0.01321
535,438,-0.00546
535,439,-0.03781
535,440,
535,670,0.0229
535,671,0.00634
535,672,-0.00627
535,673,0.0442
596,380,
596,383,
596,386,
596,391,
596,392,
596,394,
596,395,
596,396,
596,398,
596,399,
596,402,
596,403,
596,406,
596,407,
596,412,
596,421,
596,422,
596,425,
596,429,
596,501,
596,533,
596,534,
596,535,
596,596,
596,597,
596,599,
596,600,
596,603,
596,604,
596,607,
596,640,
596,641,
596,642,
596,667,
596,688,
596,689,
596,690,
596,691,
596,692,
596,693,
596,433,
596,434,
596,435,
596,437,
596,438,
596,439,
596,440,
596,670,
596,671,
596,672,
596,673,
597,380,
597,383,
597,386,
597,391,
597,392,
597,394,
597,395,
597,396,
597,398,
597,399,
597,402,
597,403,
597,406,
597,407,
597,412,
597,421,
597,422,
597,425,
597,429,
597,501,
597,533,
597,534,
597,535,
597,596,
597,597,
597,599,
597,600,
597,603,
597,604,
597,607,
597,640,
597,641,
597,642,
597,667,
597,688,
597,689,
597,690,
597,691,
597,692,
597,693,
597,433,
597,434,
597,435,
597,437,
597,438,
597,439,
597,440,
597,670,
597,671,
597,672,
597,673,
599,380,
599,383,
599,386,
599,391,
599,392,
599,394,
599,395,
599,396,
599,398,
599,399,
599,402,
599,403,
599,406,
599,407,
599,412,
599,421,
599,422,
599,425,
599,429,
599,501,
599,533,
599,534,
599,535,
599,596,
599,597,
599,599,
599,600,
599,603,
599,604,
599,607,
599,640,
599,641,
599,642,
599,667,
599,688,
599,689,
599,690,
599,691,
599,692,
599,693,
599,433,
599,434,
599,435,
599,437,
599,438,
599,439,
599,440,
599,670,
599,671,
599,672,
599,673,
600,380,
600,383,
600,386,
600,391,
600,392,
600,394,
600,395,
600,396,
600,398,
600,399,
600,402,
600,403,
600,406,
600,407,
600,412,
600,421,
600,422,
600,425,
600,429,
600,501,
600,533,
600,534,
600,535,
600,596,
600,597,
600,599,
600,600,
600,603,
600,604,
600,607,
600,640,
600,641,
600,642,
600,667,
600,688,
600,689,
600,690,
600,691,
600,692,
600,693,
600,433,
600,434,
600,435,
600,437,
600,438,
600,439,
600,440,
600,670,
600,671,
600,672,
600,673,
603,380,0.06563
603,383,
603,386,0.07827
603,391,0.03722
603,392,0.02896
603,394,0.01366
603,395,0.03056
603,396,0.0136
603,398,0.0588
603,399,0.01494
603,402,-0.0028
603,403,-0.03133
603,406,
603,407,
603,412,
603,421,-0.01503
603,422,
603,425,
603,429,0.00032
603,501,0.00502
603,533,
603,534,
603,535,0.03497
603,596,
603,597,
603,599,
603,600,
603,603,
603,604,-0.00268
603,607,0.0127
603,640,0.04783
603,641,0.00976
603,642,0.09632
603,667,0.00818
603,688,
603,689,0.09474
603,690,0.05172
603,691,0.02268
603,692,0.06677
603,693,-0.02499
603,433,
603,434,
603,435,
603,437,0.00658
603,438,0.01051
603,439,0.0026
603,440,
603,670,0.03648
603,671,0.02563
603,672,-0.04214
603,673,0.04451
604,380,-0.00878
604,383,
604,386,0.00236
604,391,-0.01092
604,392,0.01048
604,394,0.00425
604,395,0.00262
604,396,0.00593
604,398,-0.00156
604,399,0.01456
604,402,-0.0044
604,403,-0.00214
604,406,
604,407,
604,412,
604,421,-0.0145
604,422,
604,425,
604,429,-0.00404
604,501,0.01256
604,533,
604,534,
604,535,-0.00016
604,596,
604,597,
604,599,
604,600,
604,603,-0.00268
604,604,
604,607,-0.0039
604,640,-0.00488
604,641,0.00129
604,642,-0.0109
604,667,0.00478
604,688,
604,689,-0.00402
604,690,0.0049
604,691,0.0025
604,692,-0.00074
604,693,0.00149
604,433,
604,434,
604,435,
604,437,0.01028
604,438,0.00632
604,439,-0.00721
604,440,
604,670,-0.00585
604,671,-0.00086
604,672,-0.00771
604,673,-0.00659
607,380,0.04935
607,383,
607,386,0.02974
607,391,0.00355
607,392,0.01469
607,394,0.04247
607,395,-0.00738
607,396,-0.0061
607,398,0.03465
607,399,-0.01558
607,402,0.01971
607,403,-0.00503
607,406,
607,407,
607,412,
607,421,-0.03675
607,422,
607,425,
607,429,0.01796
607,501,0.02422
607,533,
607,534,
607,535,-0.0395
607,596,
607,597,
607,599,
607,600,
607,603,0.0127
607,604,-0.0039
607,607,
607,640,-0.01375
607,641,0.03213
607,642,0.02475
607,667,-0.00969
607,688,
607,689,0.06279
607,690,0.03884
607,691,-0.02128
607,692,0.02934
607,693,0.03367
607,433,
607,434,
607,435,
607,437,0.00312
607,438,-0.00683
607,439,0.03617
607,440,
607,670,0.01263
607,671,-0.0117
607,672,0.00007
607,673,-0.01556
640,380,0.02475
640,383,
640,386,0.03709
640,391,0.05342
640,392,0.01645
640,394,-0.00347
640,395,0.00097
640,396,0.01344
640,398,0.005
640,399,0.02832
640,402,0.00041
640,403,-0.05388
640,406,
640,407,
640,412,
640,421,-0.03215
640,422,
640,425,
640,429,-0.03855
640,501,0.00501
640,533,
640,534,
640,535,-0.01809
640,596,
640,597,
640,599,
640,600,
640,603,0.04783
640,604,-0.00488
640,607,-0.01375
640,640,
640,641,0.04702
640,642,0.00892
640,667,0.02913
640,688,
640,689,0.04611
640,690,-0.01571
640,691,0.05234
640,692,0.04194
640,693,0.00546
640,433,
640,434,
640,435,
640,437,0.00099
640,438,0.02472
640,439,0.01803
640,440,
640,670,0.00895
640,671,0.00599
640,672,-0.02269
640,673,-0.03203
641,380,-0.0153
641,383,
641,386,0.00589
641,391,0.02914
641,392,0.00165
641,394,-0.00494
641,395,-0.0113
641,396,-0.00346
641,398,-0.00106
641,399,-0.01437
641,402,-0.00614
641,403,-0.01782
641,406,
641,407,
641,412,
641,421,-0.02525
641,422,
641,425,
641,429,-0.01732
641,501,-0.0073
641,533,
641,534,
641,535,-0.00973
641,596,
641,597,
641,599,
641,600,
641,603,0.00976
641,604,0.00129
641,607,0.03213
641,640,0.04702
641,641,
641,642,0.00154
641,667,-0.00343
641,688,
641,689,0.06494
641,690,0.00411
641,691,-0.00012
641,692,0.06202
641,693,-0.0007
641,433,
641,434,
641,435,
641,437,0.00107
641,438,-0.00275
641,439,0.00601
641,440,
641,670,-0.01276
641,671,-0.00683
641,672,-0.02911
641,673,-0.01308
642,380,0.04621
642,383,
642,386,0.05677
642,391,-0.00227
642,392,-0.01608
642,394,-0.00553
642,395,0.05193
642,396,-0.00925
642,398,0.05097
642,399,0.00355
642,402,0.00919
642,403,-0.03298
642,406,
642,407,
642,412,
642,421,0.00327
642,422,
642,425,
642,429,0.01999
642,501,-0.00958
642,533,
642,534,
642,535,0.01246
642,596,
642,597,
642,599,
642,600,
642,603,0.09632
642,604,-0.0109
642,607,0.02475
642,640,0.00892
642,641,0.00154
642,642,
642,667,-0.01181
642,688,
642,689,0.05741
642,690,0.05934
642,691,0.02258
642,692,0.0526
642,693,-0.02013
642,433,
642,434,
642,435,
642,437,-0.00869
642,438,-0.01078
642,439,0.00352
642,440,
642,670,0.0629
642,671,0.01856
642,672,0.00692
642,673,-0.00275
667,380,0.02577
667,383,
667,386,0.00288
667,391,0.00819
667,392,0.03931
667,394,-0.00075
667,395,0.016
667,396,0.03664
667,398,0.01449
667,399,0.02464
667,402,0.0125
667,403,-0.00837
667,406,
667,407,
667,412,
667,421,-0.01235
667,422,
667,425,
667,429,-0.00596
667,501,0.00805
667,533,
667,534,
667,535,-0.01228
667,596,
667,597,
667,599,
667,600,
667,603,0.00818
667,604,0.00478
667,607,-0.00969
667,640,0.02913
667,641,-0.00343
667,642,-0.01181
667,667,
667,688,
667,689,0.00705
667,690,0.01187
667,691,-0.00435
667,692,-0.0086
667,693,0.00125
667,433,
667,434,
667,435,
667,437,0.02643
667,438,0.03452
667,439,0.00686
667,440,
667,670,-0.00593
667,671,-0.00344
667,672,0.00343
667,673,-0.00386
670,433,
670,434,
670,435,
670,437,-0.00937
670,438,-0.00004
670,439,0.02612
670,440,
670,670,
670,671,-0.02882
670,672,-0.0028
670,673,0.00905
670,380,0.01726
670,386,0.01988
670,391,-0.00026
670,392,-0.02536
670,394,-0.02572
670,395,0.00668
670,396,-0.00688
670,398,0.01342
670,399,-0.00304
670,402,0.02803
670,403,-0.02776
670,421,0.02515
670,429,0.02168
670,501,-0.02764
670,535,0.0229
670,603,0.03648
670,604,-0.00585
670,607,0.01263
670,640,0.00895
670,641,-0.01276
670,642,0.0629
670,667,-0.00593
670,689,0.00264
670,690,0.0113
670,691,0.00233
670,692,0.02356
670,693,-0.03026
670,383,
670,406,
670,407,
670,412,
670,422,
670,425,
670,533,
670,534,
670,596,
670,597,
670,599,
670,600,
670,688,
671,433,
671,434,
671,435,
671,437,-0.001
671,438,-0.00591
671,439,-0.02688
671,440,
671,670,-0.02882
671,671,
671,672,0.02391
671,673,0.02989
671,380,-0.00538
671,386,-0.00316
671,391,0.00461
671,392,-0.00257
671,394,0.028
671,395,0.01515
671,396,-0.00316
671,398,0.0086
671,399,-0.01441
671,402,0.01313
671,403,-0.03061
671,421,-0.01875
671,429,-0.02962
671,501,-0.0271
671,535,0.00634
671,603,0.02563
671,604,-0.00086
671,607,-0.0117
671,640,0.00599
671,641,-0.00683
671,642,0.01856
671,667,-0.00344
671,689,0.00534
671,690,-0.02773
671,691,0.01432
671,692,0.00524
671,693,-0.01088
671,383,
671,406,
671,407,
671,412,
671,422,
671,425,
671,533,
671,534,
671,596,
671,597,
671,599,
671,600,
671,688,
672,433,
672,434,
672,435,
672,437,-0.00905
672,438,0.00385
672,439,0.00693
672,440,
672,670,-0.0028
672,671,0.02391
672,672,
672,673,-0.02565
672,380,0.02325
672,386,-0.01885
672,391,-0.0335
672,392,-0.01254
672,394,0.02145
672,395,0.01035
672,396,-0.00672
672,398,-0.01151
672,399,-0.01199
672,402,0.04134
672,403,0.00008
672,421,-0.02015
672,429,0.00934
672,501,0.00373
672,535,-0.00627
672,603,-0.04214
672,604,-0.00771
672,607,0.00007
672,640,-0.02269
672,641,-0.02911
672,642,0.00692
672,667,0.00343
672,689,-0.02801
672,690,0.02066
672,691,-0.02907
672,692,-0.02066
672,693,0.01703
672,383,
672,406,
672,407,
672,412,
672,422,
672,425,
672,533,
672,534,
672,596,
672,597,
672,599,
672,600,
672,688,
673,433,
673,434,
673,435,
673,437,0.00495
673,438,-0.00694
673,439,-0.03807
673,440,
673,670,0.00905
673,671,0.02989
673,672,-0.02565
673,673,
673,380,0.02202
673,386,-0.00965
673,391,0.06311
673,392,0.01725
673,394,0.00108
673,395,0.02328
673,396,0.0035
673,398,0.001
673,399,-0.01241
673,402,0.00059
673,403,-0.02648
673,421,0.05414
673,429,-0.01726
673,501,-0.00681
673,535,0.0442
673,603,0.04451
673,604,-0.00659
673,607,-0.01556
673,640,-0.03203
673,641,-0.01308
673,642,-0.00275
673,667,-0.00386
673,689,0.01345
673,690,-0.00191
673,691,-0.0172
673,692,0.01192
673,693,-0.00528
673,383,
673,406,
673,407,
673,412,
673,422,
673,425,
673,533,
673,534,
673,596,
673,597,
673,599,
673,600,
673,688,
688,380,
688,383,
688,386,
688,391,
688,392,
688,394,
688,395,
688,396,
688,398,
688,399,
688,402,
688,403,
688,406,
688,407,
688,412,
688,421,
688,422,
688,425,
688,429,
688,501,
688,533,
688,534,
688,535,
688,596,
688,597,
688,599,
688,600,
688,603,
688,604,
688,607,
688,640,
688,641,
688,642,
688,667,
688,688,
688,689,
688,690,
688,691,
688,692,
688,693,
688,433,
688,434,
688,435,
688,437,
688,438,
688,439,
688,440,
688,670,
688,671,
688,672,
688,673,
689,380,0.08408
689,383,
689,386,0.10528
689,391,0.04751
689,392,0.01236
689,394,0.07616
689,395,0.05497
689,396,0.01635
689,398,0.08584
689,399,0.03409
689,402,0.00476
689,403,-0.04115
689,406,
689,407,
689,412,
689,421,-0.02567
689,422,
689,425,
689,429,0.00052
689,501,0.00464
689,533,
689,534,
689,535,0.00251
689,596,
689,597,
689,599,
689,600,
689,603,0.09474
689,604,-0.00402
689,607,0.06279
689,640,0.04611
689,641,0.06494
689,642,0.05741
689,667,0.00705
689,688,
689,689,
689,690,0.08058
689,691,-0.00185
689,692,0.12593
689,693,-0.0147
689,433,
689,434,
689,435,
689,437,0.01429
689,438,0.00534
689,439,0.03006
689,440,
689,670,0.00264
689,671,0.00534
689,672,-0.02801
689,673,0.01345
690,380,0.02712
690,383,
690,386,0.07663
690,391,0.00034
690,392,0.02151
690,394,0.04914
690,395,0.01353
690,396,0.00964
690,398,0.08136
690,399,0.03865
690,402,0.00842
690,403,0.0407
690,406,
690,407,
690,412,
690,421,-0.04013
690,422,
690,425,
690,429,0.01252
690,501,0.02667
690,533,
690,534,
690,535,0.00142
690,596,
690,597,
690,599,
690,600,
690,603,0.05172
690,604,0.0049
690,607,0.03884
690,640,-0.01571
690,641,0.00411
690,642,0.05934
690,667,0.01187
690,688,
690,689,0.08058
690,690,
690,691,-0.01917
690,692,0.06479
690,693,0.02447
690,433,
690,434,
690,435,
690,437,0.01453
690,438,0.00539
690,439,0.01037
690,440,
690,670,0.0113
690,671,-0.02773
690,672,0.02066
690,673,-0.00191
691,380,0.01018
691,383,
691,386,0.01576
691,391,0.00129
691,392,0.02492
691,394,0.0106
691,395,0.01158
691,396,0.00146
691,398,-0.01355
691,399,0.03005
691,402,-0.01043
691,403,-0.04696
691,406,
691,407,
691,412,
691,421,-0.02231
691,422,
691,425,
691,429,-0.03778
691,501,-0.00764
691,533,
691,534,
691,535,-0.02676
691,596,
691,597,
691,599,
691,600,
691,603,0.02268
691,604,0.0025
691,607,-0.02128
691,640,0.05234
691,641,-0.00012
691,642,0.02258
691,667,-0.00435
691,688,
691,689,-0.00185
691,690,-0.01917
691,691,
691,692,0.0428
691,693,-0.00086
691,433,
691,434,
691,435,
691,437,0.00389
691,438,0.00629
691,439,0.00194
691,440,
691,670,0.00233
691,671,0.01432
691,672,-0.02907
691,673,-0.0172
692,380,0.04743
692,383,
692,386,0.0934
692,391,0.03482
692,392,0.01009
692,394,0.04428
692,395,0.05638
692,396,-0.00829
692,398,0.05592
692,399,0.01743
692,402,-0.01389
692,403,-0.06031
692,406,
692,407,
692,412,
692,421,-0.01996
692,422,
692,425,
692,429,-0.04109
692,501,-0.00032
692,533,
692,534,
692,535,0.01624
692,596,
692,597,
692,599,
692,600,
692,603,0.06677
692,604,-0.00074
692,607,0.02934
692,640,0.04194
692,641,0.06202
692,642,0.0526
692,667,-0.0086
692,688,
692,689,0.12593
692,690,0.06479
692,691,0.0428
692,692,
692,693,-0.02322
692,433,
692,434,
692,435,
692,437,-0.00216
692,438,-0.00533
692,439,0.03236
692,440,
692,670,0.02356
692,671,0.00524
692,672,-0.02066
692,673,0.01192
693,380,-0.0199
693,383,
693,386,-0.01418
693,391,-0.03183
693,392,0.00267
693,394,-0.0051
693,395,-0.01379
693,396,0.00647
693,398,-0.01839
693,399,0.02362
693,402,-0.01584
693,403,0.02751
693,406,
693,407,
693,412,
693,421,-0.02863
693,422,
693,425,
693,429,0.00114
693,501,0.03231
693,533,
693,534,
693,535,0.00348
693,596,
693,597,
693,599,
693,600,
693,603,-0.02499
693,604,0.00149
693,607,0.03367
693,640,0.00546
693,641,-0.0007
693,642,-0.02013
693,667,0.00125
693,688,
693,689,-0.0147
693,690,0.02447
693,691,-0.00086
693,692,-0.02322
693,693,
693,433,
693,434,
693,435,
693,437,-0.00185
693,438,0.0048
693,439,0.00735
693,440,
693,670,-0.03026
693,671,-0.01088
693,672,0.01703
693,673,-0.00528
