c,d,MIp
248,248,
248,251,
248,254,
248,255,
248,256,
248,258,
248,259,
248,260,
248,262,
248,263,
248,266,
248,267,
248,270,
248,271,
248,271.5,
248,272,
248,273,
248,276,
248,280,
248,285,
248,296,
248,299,
248,301,
248,302,
248,303,
248,349,
248,367,
248,412,
248,413,
248,414,
248,469,
248,470,
248,472,
248,473,
248,476,
248,477,
248,480,
248,510,
248,511,
248,512,
248,536,
248,539,
248,540,
248,541,
248,542,
248,557,
248,558,
248,559,
248,560,
248,561,
248,562,
251,248,
251,251,
251,254,-0.00048
251,255,-0.00671
251,256,
251,258,0.0009
251,259,-0.00815
251,260,-0.00216
251,262,-0.00097
251,263,-0.00282
251,266,-0.00764
251,267,-0.01349
251,270,
251,271,
251,271.5,
251,272,-0.0043
251,273,-0.01071
251,276,-0.00221
251,280,0.00983
251,285,-0.00649
251,296,-0.00501
251,299,-0.00914
251,301,0.0125
251,302,
251,303,
251,349,0.00969
251,367,-0.00655
251,412,
251,413,
251,414,
251,469,-0.00911
251,470,0.0021
251,472,-0.00378
251,473,-0.00418
251,476,-0.0077
251,477,-0.01195
251,480,-0.01225
251,510,-0.00229
251,511,-0.00289
251,512,
251,536,-0.00169
251,539,-0.00932
251,540,0.00077
251,541,-0.01083
251,542,-0.00463
251,557,
251,558,
251,559,-0.0056
251,560,-0.0082
251,561,-0.00668
251,562,-0.009
254,248,
254,251,-0.00048
254,254,
254,255,0.00007
254,256,
254,258,-0.00268
254,259,0.00392
254,260,-0.00226
254,262,0.00436
254,263,-0.00117
254,266,0.00565
254,267,0.00015
254,270,
254,271,
254,271.5,
254,272,-0.00162
254,273,0.00549
254,276,0.00561
254,280,0.005
254,285,0.00735
254,296,-0.00139
254,299,-0.00232
254,301,0.0021
254,302,
254,303,
254,349,-0.00243
254,367,-0.00186
254,412,
254,413,
254,414,
254,469,-0.00323
254,470,0.01005
254,472,0.00495
254,473,0.0022
254,476,-0.0025
254,477,-0.0033
254,480,-0.00162
254,510,-0.00059
254,511,0.00013
254,512,
254,536,-0.00044
254,539,-0.00311
254,540,-0.0002
254,541,0.00458
254,542,-0.00122
254,557,
254,558,
254,559,-0.00173
254,560,-0.0026
254,561,-0.00147
254,562,-0.00245
255,248,
255,251,-0.00671
255,254,0.00007
255,255,
255,256,
255,258,-0.02466
255,259,0.00422
255,260,-0.02074
255,262,0.04233
255,263,0.02862
255,266,-0.00436
255,267,-0.00993
255,270,
255,271,
255,271.5,
255,272,-0.0201
255,273,0.0274
255,276,0.00369
255,280,0.00982
255,285,-0.00914
255,296,-0.0071
255,299,-0.00953
255,301,-0.035
255,302,
255,303,
255,349,-0.02663
255,367,0.01289
255,412,
255,413,
255,414,
255,469,-0.0152
255,470,0.00239
255,472,0.00923
255,473,0.00315
255,476,-0.02281
255,477,0.01742
255,480,0.01847
255,510,-0.00928
255,511,-0.0174
255,512,
255,536,0.00139
255,539,-0.005
255,540,0.00325
255,541,0.00064
255,542,0.00056
255,557,
255,558,
255,559,0.05693
255,560,0.00894
255,561,0.05368
255,562,0.00681
256,248,
256,251,
256,254,
256,255,
256,256,
256,258,
256,259,
256,260,
256,262,
256,263,
256,266,
256,267,
256,270,
256,271,
256,271.5,
256,272,
256,273,
256,276,
256,280,
256,285,
256,296,
256,299,
256,301,
256,302,
256,303,
256,349,
256,367,
256,412,
256,413,
256,414,
256,469,
256,470,
256,472,
256,473,
256,476,
256,477,
256,480,
256,510,
256,511,
256,512,
256,536,
256,539,
256,540,
256,541,
256,542,
256,557,
256,558,
256,559,
256,560,
256,561,
256,562,
258,248,
258,251,0.0009
258,254,-0.00268
258,255,-0.02466
258,256,
258,258,
258,259,0.02675
258,260,-0.0215
258,262,0.02066
258,263,0.00452
258,266,-0.01691
258,267,-0.00369
258,270,
258,271,
258,271.5,
258,272,0.00004
258,273,-0.0015
258,276,-0.0095
258,280,-0.00559
258,285,0.0625
258,296,0.00764
258,299,0.02936
258,301,0.00866
258,302,
258,303,
258,349,-0.00963
258,367,0.00828
258,412,
258,413,
258,414,
258,469,0.00537
258,470,-0.00319
258,472,-0.04195
258,473,0.00456
258,476,0.01761
258,477,0.02439
258,480,0.00995
258,510,0.02846
258,511,-0.0046
258,512,
258,536,-0.00945
258,539,0.03371
258,540,-0.01693
258,541,0.00788
258,542,0.0555
258,557,
258,558,
258,559,-0.02823
258,560,0.02467
258,561,0.01025
258,562,0.03322
259,248,
259,251,-0.00815
259,254,0.00392
259,255,0.00422
259,256,
259,258,0.02675
259,259,
259,260,-0.02615
259,262,0.01481
259,263,0.00346
259,266,0.02464
259,267,0.03832
259,270,
259,271,
259,271.5,
259,272,-0.01123
259,273,0.02218
259,276,0.00946
259,280,0.00462
259,285,0.01957
259,296,-0.00445
259,299,0.01514
259,301,-0.01364
259,302,
259,303,
259,349,-0.00959
259,367,0.02608
259,412,
259,413,
259,414,
259,469,-0.05344
259,470,0.00143
259,472,-0.02044
259,473,-0.01566
259,476,-0.01625
259,477,0.0536
259,480,0.03514
259,510,-0.00498
259,511,-0.02676
259,512,
259,536,0.00233
259,539,0.02151
259,540,0.02738
259,541,-0.02501
259,542,-0.02345
259,557,
259,558,
259,559,0.07596
259,560,0.05986
259,561,0.04427
259,562,0.01503
260,248,
260,251,-0.00216
260,254,-0.00226
260,255,-0.02074
260,256,
260,258,-0.0215
260,259,-0.02615
260,260,
260,262,-0.02136
260,263,-0.01941
260,266,-0.00462
260,267,-0.02079
260,270,
260,271,
260,271.5,
260,272,0.03131
260,273,-0.02635
260,276,-0.00186
260,280,-0.00684
260,285,0.00043
260,296,-0.00883
260,299,0.02331
260,301,0.00785
260,302,
260,303,
260,349,0.02907
260,367,0.00312
260,412,
260,413,
260,414,
260,469,0.03234
260,470,-0.00348
260,472,-0.02185
260,473,-0.02503
260,476,0.00719
260,477,-0.02619
260,480,-0.02687
260,510,-0.01071
260,511,-0.00791
260,512,
260,536,0.00447
260,539,0.00034
260,540,-0.01235
260,541,-0.00634
260,542,0.00034
260,557,
260,558,
260,559,-0.02505
260,560,-0.01912
260,561,-0.03844
260,562,-0.00617
262,248,
262,251,-0.00097
262,254,0.00436
262,255,0.04233
262,256,
262,258,0.02066
262,259,0.01481
262,260,-0.02136
262,262,
262,263,0.00475
262,266,0.02991
262,267,-0.00911
262,270,
262,271,
262,271.5,
262,272,-0.01875
262,273,0.07456
262,276,-0.00673
262,280,-0.00558
262,285,0.01444
262,296,-0.01064
262,299,0.00028
262,301,-0.02746
262,302,
262,303,
262,349,-0.03389
262,367,0.01535
262,412,
262,413,
262,414,
262,469,-0.01264
262,470,0.00128
262,472,0.00394
262,473,0.0315
262,476,-0.02386
262,477,0.0704
262,480,0.02622
262,510,0.0068
262,511,-0.00178
262,512,
262,536,-0.01116
262,539,-0.02742
262,540,0.02606
262,541,0.01112
262,542,0.03851
262,557,
262,558,
262,559,0.02923
262,560,-0.01058
262,561,0.09465
262,562,0.06099
263,248,
263,251,-0.00282
263,254,-0.00117
263,255,0.02862
263,256,
263,258,0.00452
263,259,0.00346
263,260,-0.01941
263,262,0.00475
263,263,
263,266,-0.00103
263,267,0.01384
263,270,
263,271,
263,271.5,
263,272,-0.01132
263,273,0.00936
263,276,-0.00552
263,280,0.00225
263,285,0.00408
263,296,0.01455
263,299,-0.01586
263,301,-0.00999
263,302,
263,303,
263,349,-0.01565
263,367,-0.00852
263,412,
263,413,
263,414,
263,469,-0.00401
263,470,0.01122
263,472,0.01187
263,473,0.01587
263,476,-0.01134
263,477,-0.00999
263,480,-0.01509
263,510,0.02693
263,511,-0.0082
263,512,
263,536,-0.0042
263,539,-0.00302
263,540,0.00619
263,541,0.014
263,542,0.01765
263,557,
263,558,
263,559,0.01102
263,560,-0.00033
263,561,0.01755
263,562,0.04374
266,248,
266,251,-0.00764
266,254,0.00565
266,255,-0.00436
266,256,
266,258,-0.01691
266,259,0.02464
266,260,-0.00462
266,262,0.02991
266,263,-0.00103
266,266,
266,267,0.04333
266,270,
266,271,
266,271.5,
266,272,-0.0254
266,273,0.05874
266,276,0.00689
266,280,-0.00336
266,285,0.00163
266,296,0.0038
266,299,0.01079
266,301,-0.03791
266,302,
266,303,
266,349,-0.03124
266,367,-0.03704
266,412,
266,413,
266,414,
266,469,0.05027
266,470,0.00203
266,472,0.01478
266,473,0.0164
266,476,0.02784
266,477,-0.01243
266,480,-0.00108
266,510,0.0025
266,511,0.05563
266,512,
266,536,-0.00395
266,539,-0.00919
266,540,0.01653
266,541,-0.01379
266,542,-0.00026
266,557,
266,558,
266,559,0.03409
266,560,-0.02333
266,561,0.02359
266,562,0.01655
267,248,
267,251,-0.01349
267,254,0.00015
267,255,-0.00993
267,256,
267,258,-0.00369
267,259,0.03832
267,260,-0.02079
267,262,-0.00911
267,263,0.01384
267,266,0.04333
267,267,
267,270,
267,271,
267,271.5,
267,272,0.00856
267,273,0.0426
267,276,0.00777
267,280,0.00527
267,285,0.03777
267,296,0.01358
267,299,-0.02424
267,301,-0.02342
267,302,
267,303,
267,349,0.00324
267,367,-0.02118
267,412,
267,413,
267,414,
267,469,-0.02247
267,470,-0.00084
267,472,-0.01823
267,473,0.00708
267,476,0.00109
267,477,0.01517
267,480,0.03286
267,510,0.00506
267,511,-0.02373
267,512,
267,536,0.00314
267,539,0.02077
267,540,0.01192
267,541,0.02019
267,542,-0.02215
267,557,
267,558,
267,559,0.02237
267,560,0.00759
267,561,0.00563
267,562,-0.00314
270,248,
270,251,
270,254,
270,255,
270,256,
270,258,
270,259,
270,260,
270,262,
270,263,
270,266,
270,267,
270,270,
270,271,
270,271.5,
270,272,
270,273,
270,276,
270,280,
270,285,
270,296,
270,299,
270,301,
270,302,
270,303,
270,349,
270,367,
270,412,
270,413,
270,414,
270,469,
270,470,
270,472,
270,473,
270,476,
270,477,
270,480,
270,510,
270,511,
270,512,
270,536,
270,539,
270,540,
270,541,
270,542,
270,557,
270,558,
270,559,
270,560,
270,561,
270,562,
271,248,
271,251,
271,254,
271,255,
271,256,
271,258,
271,259,
271,260,
271,262,
271,263,
271,266,
271,267,
271,270,
271,271,
271,271.5,
271,272,
271,273,
271,276,
271,280,
271,285,
271,296,
271,299,
271,301,
271,302,
271,303,
271,349,
271,367,
271,412,
271,413,
271,414,
271,469,
271,470,
271,472,
271,473,
271,476,
271,477,
271,480,
271,510,
271,511,
271,512,
271,536,
271,539,
271,540,
271,541,
271,542,
271,557,
271,558,
271,559,
271,560,
271,561,
271,562,
271.5,248,
271.5,251,
271.5,254,
271.5,255,
271.5,256,
271.5,258,
271.5,259,
271.5,260,
271.5,262,
271.5,263,
271.5,266,
271.5,267,
271.5,270,
271.5,271,
271.5,271.5,
271.5,272,
271.5,273,
271.5,276,
271.5,280,
271.5,285,
271.5,296,
271.5,299,
271.5,301,
271.5,302,
271.5,303,
271.5,349,
271.5,367,
271.5,412,
271.5,413,
271.5,414,
271.5,469,
271.5,470,
271.5,472,
271.5,473,
271.5,476,
271.5,477,
271.5,480,
271.5,510,
271.5,511,
271.5,512,
271.5,536,
271.5,539,
271.5,540,
271.5,541,
271.5,542,
271.5,557,
271.5,558,
271.5,559,
271.5,560,
271.5,561,
271.5,562,
272,248,
272,251,-0.0043
272,254,-0.00162
272,255,-0.0201
272,256,
272,258,0.00004
272,259,-0.01123
272,260,0.03131
272,262,-0.01875
272,263,-0.01132
272,266,-0.0254
272,267,0.00856
272,270,
272,271,
272,271.5,
272,272,
272,273,-0.01849
272,276,0.00043
272,280,0.0005
272,285,-0.01689
272,296,0.00036
272,299,0.02287
272,301,0.02955
272,302,
272,303,
272,349,0.03563
272,367,0.03564
272,412,
272,413,
272,414,
272,469,-0.0088
272,470,-0.00275
272,472,0.0039
272,473,-0.00733
272,476,0.00299
272,477,-0.0228
272,480,0.01713
272,510,0.00027
272,511,-0.01841
272,512,
272,536,0.00409
272,539,-0.00023
272,540,-0.02639
272,541,0.00801
272,542,-0.02387
272,557,
272,558,
272,559,-0.00709
272,560,-0.01093
272,561,-0.05709
272,562,-0.01665
273,248,
273,251,-0.01071
273,254,0.00549
273,255,0.0274
273,256,
273,258,-0.0015
273,259,0.02218
273,260,-0.02635
273,262,0.07456
273,263,0.00936
273,266,0.05874
273,267,0.0426
273,270,
273,271,
273,271.5,
273,272,-0.01849
273,273,
273,276,0.01381
273,280,0.00133
273,285,-0.01562
273,296,0.02647
273,299,-0.0359
273,301,-0.03308
273,302,
273,303,
273,349,-0.04152
273,367,-0.00984
273,412,
273,413,
273,414,
273,469,0.00369
273,470,0.00109
273,472,-0.00315
273,473,0.04698
273,476,-0.01227
273,477,0.0266
273,480,0.02337
273,510,0.00576
273,511,-0.01897
273,512,
273,536,0.00849
273,539,-0.0514
273,540,0.02241
273,541,-0.01286
273,542,0.02362
273,557,
273,558,
273,559,0.02186
273,560,0.01579
273,561,0.06874
273,562,0.06643
276,248,
276,251,-0.00221
276,254,0.00561
276,255,0.00369
276,256,
276,258,-0.0095
276,259,0.00946
276,260,-0.00186
276,262,-0.00673
276,263,-0.00552
276,266,0.00689
276,267,0.00777
276,270,
276,271,
276,271.5,
276,272,0.00043
276,273,0.01381
276,276,
276,280,0.03622
276,285,-0.00316
276,296,0.02087
276,299,-0.00127
276,301,0.00025
276,302,
276,303,
276,349,-0.01363
276,367,-0.00357
276,412,
276,413,
276,414,
276,469,0.00108
276,470,0.00498
276,472,0.00273
276,473,-0.00648
276,476,-0.00162
276,477,0.01132
276,480,-0.00476
276,510,-0.0028
276,511,-0.00703
276,512,
276,536,0.02584
276,539,-0.01329
276,540,0.00033
276,541,-0.00906
276,542,-0.00575
276,557,
276,558,
276,559,0.00194
276,560,-0.01187
276,561,-0.00343
276,562,-0.01148
280,248,
280,251,0.00983
280,254,0.005
280,255,0.00982
280,256,
280,258,-0.00559
280,259,0.00462
280,260,-0.00684
280,262,-0.00558
280,263,0.00225
280,266,-0.00336
280,267,0.00527
280,270,
280,271,
280,271.5,
280,272,0.0005
280,273,0.00133
280,276,0.03622
280,280,
280,285,-0.00835
280,296,0.02027
280,299,0.00788
280,301,0.01487
280,302,
280,303,
280,349,0.00248
280,367,-0.00226
280,412,
280,413,
280,414,
280,469,0.00086
280,470,0.00415
280,472,0.00249
280,473,-0.00658
280,476,-0.00889
280,477,0.00253
280,480,-0.01462
280,510,-0.00041
280,511,-0.01116
280,512,
280,536,0.02269
280,539,-0.01307
280,540,-0.00043
280,541,-0.01194
280,542,-0.00229
280,557,
280,558,
280,559,0.00797
280,560,-0.00599
280,561,-0.00673
280,562,-0.00345
285,248,
285,251,-0.00649
285,254,0.00735
285,255,-0.00914
285,256,
285,258,0.0625
285,259,0.01957
285,260,0.00043
285,262,0.01444
285,263,0.00408
285,266,0.00163
285,267,0.03777
285,270,
285,271,
285,271.5,
285,272,-0.01689
285,273,-0.01562
285,276,-0.00316
285,280,-0.00835
285,285,
285,296,0.00613
285,299,0.01916
285,301,-0.00808
285,302,
285,303,
285,349,-0.00589
285,367,-0.0145
285,412,
285,413,
285,414,
285,469,0.01881
285,470,0.00476
285,472,-0.04076
285,473,0.00362
285,476,0.01998
285,477,-0.01217
285,480,0.00476
285,510,0.01848
285,511,0.00984
285,512,
285,536,-0.00811
285,539,0.01825
285,540,-0.0263
285,541,0.0078
285,542,0.04162
285,557,
285,558,
285,559,-0.03227
285,560,-0.03388
285,561,0.0124
285,562,0.02052
296,248,
296,251,-0.00501
296,254,-0.00139
296,255,-0.0071
296,256,
296,258,0.00764
296,259,-0.00445
296,260,-0.00883
296,262,-0.01064
296,263,0.01455
296,266,0.0038
296,267,0.01358
296,270,
296,271,
296,271.5,
296,272,0.00036
296,273,0.02647
296,276,0.02087
296,280,0.02027
296,285,0.00613
296,296,
296,299,-0.01188
296,301,0.00664
296,302,
296,303,
296,349,-0.00031
296,367,-0.00807
296,412,
296,413,
296,414,
296,469,0.00903
296,470,-0.00281
296,472,0.00407
296,473,0.03874
296,476,-0.00249
296,477,0.01226
296,480,0.00247
296,510,0.02482
296,511,-0.01098
296,512,
296,536,0.02658
296,539,-0.00272
296,540,-0.00532
296,541,-0.00962
296,542,0.01764
296,557,
296,558,
296,559,-0.0043
296,560,-0.00971
296,561,0.02311
296,562,0.01211
299,248,
299,251,-0.00914
299,254,-0.00232
299,255,-0.00953
299,256,
299,258,0.02936
299,259,0.01514
299,260,0.02331
299,262,0.00028
299,263,-0.01586
299,266,0.01079
299,267,-0.02424
299,270,
299,271,
299,271.5,
299,272,0.02287
299,273,-0.0359
299,276,-0.00127
299,280,0.00788
299,285,0.01916
299,296,-0.01188
299,299,
299,301,-0.01291
299,302,
299,303,
299,349,0.00514
299,367,0.03596
299,412,
299,413,
299,414,
299,469,0.00353
299,470,-0.00313
299,472,-0.01512
299,473,-0.00311
299,476,0.0214
299,477,0.00916
299,480,0.0006
299,510,-0.00244
299,511,0.00344
299,512,
299,536,-0.00608
299,539,-0.00267
299,540,-0.01022
299,541,-0.00621
299,542,-0.01153
299,557,
299,558,
299,559,0.00059
299,560,-0.01094
299,561,-0.00369
299,562,-0.02192
301,248,
301,251,0.0125
301,254,0.0021
301,255,-0.035
301,256,
301,258,0.00866
301,259,-0.01364
301,260,0.00785
301,262,-0.02746
301,263,-0.00999
301,266,-0.03791
301,267,-0.02342
301,270,
301,271,
301,271.5,
301,272,0.02955
301,273,-0.03308
301,276,0.00025
301,280,0.01487
301,285,-0.00808
301,296,0.00664
301,299,-0.01291
301,301,
301,302,
301,303,
301,349,0.03784
301,367,-0.00601
301,412,
301,413,
301,414,
301,469,-0.0194
301,470,0.00689
301,472,-0.01275
301,473,-0.00173
301,476,0.02298
301,477,-0.02071
301,480,-0.01024
301,510,-0.00789
301,511,-0.00045
301,512,
301,536,-0.00307
301,539,0.00375
301,540,-0.02095
301,541,0.01419
301,542,-0.00672
301,557,
301,558,
301,559,-0.04667
301,560,0.02761
301,561,-0.04717
301,562,-0.02472
302,248,
302,251,
302,254,
302,255,
302,256,
302,258,
302,259,
302,260,
302,262,
302,263,
302,266,
302,267,
302,270,
302,271,
302,271.5,
302,272,
302,273,
302,276,
302,280,
302,285,
302,296,
302,299,
302,301,
302,302,
302,303,
302,349,
302,367,
302,412,
302,413,
302,414,
302,469,
302,470,
302,472,
302,473,
302,476,
302,477,
302,480,
302,510,
302,511,
302,512,
302,536,
302,539,
302,540,
302,541,
302,542,
302,557,
302,558,
302,559,
302,560,
302,561,
302,562,
303,248,
303,251,
303,254,
303,255,
303,256,
303,258,
303,259,
303,260,
303,262,
303,263,
303,266,
303,267,
303,270,
303,271,
303,271.5,
303,272,
303,273,
303,276,
303,280,
303,285,
303,296,
303,299,
303,301,
303,302,
303,303,
303,349,
303,367,
303,412,
303,413,
303,414,
303,469,
303,470,
303,472,
303,473,
303,476,
303,477,
303,480,
303,510,
303,511,
303,512,
303,536,
303,539,
303,540,
303,541,
303,542,
303,557,
303,558,
303,559,
303,560,
303,561,
303,562,
349,248,
349,251,0.00969
349,254,-0.00243
349,255,-0.02663
349,256,
349,258,-0.00963
349,259,-0.00959
349,260,0.02907
349,262,-0.03389
349,263,-0.01565
349,266,-0.03124
349,267,0.00324
349,270,
349,271,
349,271.5,
349,272,0.03563
349,273,-0.04152
349,276,-0.01363
349,280,0.00248
349,285,-0.00589
349,296,-0.00031
349,299,0.00514
349,301,0.03784
349,302,
349,303,
349,349,
349,367,0.0435
349,412,
349,413,
349,414,
349,469,-0.00678
349,470,-0.00593
349,472,-0.01847
349,473,-0.02113
349,476,0.00239
349,477,0.01817
349,480,-0.00543
349,510,-0.00164
349,511,-0.01256
349,512,
349,536,-0.00786
349,539,0.03668
349,540,-0.00241
349,541,0.00358
349,542,-0.01846
349,557,
349,558,
349,559,-0.02617
349,560,0.013
349,561,-0.04558
349,562,-0.03342
367,248,
367,251,-0.00655
367,254,-0.00186
367,255,0.01289
367,256,
367,258,0.00828
367,259,0.02608
367,260,0.00312
367,262,0.01535
367,263,-0.00852
367,266,-0.03704
367,267,-0.02118
367,270,
367,271,
367,271.5,
367,272,0.03564
367,273,-0.00984
367,276,-0.00357
367,280,-0.00226
367,285,-0.0145
367,296,-0.00807
367,299,0.03596
367,301,-0.00601
367,302,
367,303,
367,349,0.0435
367,367,
367,412,
367,413,
367,414,
367,469,-0.04666
367,470,-0.00076
367,472,-0.02166
367,473,-0.00013
367,476,-0.0045
367,477,0.03993
367,480,0.00521
367,510,-0.00681
367,511,-0.02492
367,512,
367,536,-0.00044
367,539,-0.00077
367,540,0.02396
367,541,-0.01768
367,542,-0.01965
367,557,
367,558,
367,559,0.01381
367,560,0.00604
367,561,0.00637
367,562,-0.0188
412,248,
412,251,
412,254,
412,255,
412,256,
412,258,
412,259,
412,260,
412,262,
412,263,
412,266,
412,267,
412,270,
412,271,
412,271.5,
412,272,
412,273,
412,276,
412,280,
412,285,
412,296,
412,299,
412,301,
412,302,
412,303,
412,349,
412,367,
412,412,
412,413,
412,414,
412,469,
412,470,
412,472,
412,473,
412,476,
412,477,
412,480,
412,510,
412,511,
412,512,
412,536,
412,539,
412,540,
412,541,
412,542,
412,557,
412,558,
412,559,
412,560,
412,561,
412,562,
413,248,
413,251,
413,254,
413,255,
413,256,
413,258,
413,259,
413,260,
413,262,
413,263,
413,266,
413,267,
413,270,
413,271,
413,271.5,
413,272,
413,273,
413,276,
413,280,
413,285,
413,296,
413,299,
413,301,
413,302,
413,303,
413,349,
413,367,
413,412,
413,413,
413,414,
413,469,
413,470,
413,472,
413,473,
413,476,
413,477,
413,480,
413,510,
413,511,
413,512,
413,536,
413,539,
413,540,
413,541,
413,542,
413,557,
413,558,
413,559,
413,560,
413,561,
413,562,
414,248,
414,251,
414,254,
414,255,
414,256,
414,258,
414,259,
414,260,
414,262,
414,263,
414,266,
414,267,
414,270,
414,271,
414,271.5,
414,272,
414,273,
414,276,
414,280,
414,285,
414,296,
414,299,
414,301,
414,302,
414,303,
414,349,
414,367,
414,412,
414,413,
414,414,
414,469,
414,470,
414,472,
414,473,
414,476,
414,477,
414,480,
414,510,
414,511,
414,512,
414,536,
414,539,
414,540,
414,541,
414,542,
414,557,
414,558,
414,559,
414,560,
414,561,
414,562,
469,248,
469,251,-0.00911
469,254,-0.00323
469,255,-0.0152
469,256,
469,258,0.00537
469,259,-0.05344
469,260,0.03234
469,262,-0.01264
469,263,-0.00401
469,266,0.05027
469,267,-0.02247
469,270,
469,271,
469,271.5,
469,272,-0.0088
469,273,0.00369
469,276,0.00108
469,280,0.00086
469,285,0.01881
469,296,0.00903
469,299,0.00353
469,301,-0.0194
469,302,
469,303,
469,349,-0.00678
469,367,-0.04666
469,412,
469,413,
469,414,
469,469,
469,470,-0.00644
469,472,-0.00484
469,473,-0.0073
469,476,0.03178
469,477,-0.03195
469,480,-0.03308
469,510,0.02186
469,511,0.04114
469,512,
469,536,0.00878
469,539,-0.03454
469,540,-0.03836
469,541,-0.00966
469,542,0.03651
469,557,
469,558,
469,559,-0.02918
469,560,-0.02199
469,561,-0.00464
469,562,0.01303
470,248,
470,251,0.0021
470,254,0.01005
470,255,0.00239
470,256,
470,258,-0.00319
470,259,0.00143
470,260,-0.00348
470,262,0.00128
470,263,0.01122
470,266,0.00203
470,267,-0.00084
470,270,
470,271,
470,271.5,
470,272,-0.00275
470,273,0.00109
470,276,0.00498
470,280,0.00415
470,285,0.00476
470,296,-0.00281
470,299,-0.00313
470,301,0.00689
470,302,
470,303,
470,349,-0.00593
470,367,-0.00076
470,412,
470,413,
470,414,
470,469,-0.00644
470,470,
470,472,0.00007
470,473,0.00096
470,476,-0.0048
470,477,-0.00593
470,480,-0.00838
470,510,-0.00122
470,511,-0.00091
470,512,
470,536,-0.00091
470,539,-0.00542
470,540,0.00737
470,541,0.0023
470,542,-0.0025
470,557,
470,558,
470,559,-0.00338
470,560,-0.00504
470,561,0.0026
470,562,-0.00497
472,248,
472,251,-0.00378
472,254,0.00495
472,255,0.00923
472,256,
472,258,-0.04195
472,259,-0.02044
472,260,-0.02185
472,262,0.00394
472,263,0.01187
472,266,0.01478
472,267,-0.01823
472,270,
472,271,
472,271.5,
472,272,0.0039
472,273,-0.00315
472,276,0.00273
472,280,0.00249
472,285,-0.04076
472,296,0.00407
472,299,-0.01512
472,301,-0.01275
472,302,
472,303,
472,349,-0.01847
472,367,-0.02166
472,412,
472,413,
472,414,
472,469,-0.00484
472,470,0.00007
472,472,
472,473,0.00267
472,476,-0.00054
472,477,-0.01777
472,480,0.02065
472,510,0.00067
472,511,0.01469
472,512,
472,536,0.00098
472,539,0.03603
472,540,-0.01149
472,541,0.0186
472,542,-0.01243
472,557,
472,558,
472,559,-0.00179
472,560,-0.01705
472,561,-0.01217
472,562,-0.01669
473,248,
473,251,-0.00418
473,254,0.0022
473,255,0.00315
473,256,
473,258,0.00456
473,259,-0.01566
473,260,-0.02503
473,262,0.0315
473,263,0.01587
473,266,0.0164
473,267,0.00708
473,270,
473,271,
473,271.5,
473,272,-0.00733
473,273,0.04698
473,276,-0.00648
473,280,-0.00658
473,285,0.00362
473,296,0.03874
473,299,-0.00311
473,301,-0.00173
473,302,
473,303,
473,349,-0.02113
473,367,-0.00013
473,412,
473,413,
473,414,
473,469,-0.0073
473,470,0.00096
473,472,0.00267
473,473,
473,476,-0.00184
473,477,0.01619
473,480,0.01073
473,510,0.02525
473,511,-0.00873
473,512,
473,536,-0.00446
473,539,0.01196
473,540,0.0181
473,541,0.00721
473,542,0.01886
473,557,
473,558,
473,559,-0.0013
473,560,0.00142
473,561,0.04306
473,562,0.02006
476,248,
476,251,-0.0077
476,254,-0.0025
476,255,-0.02281
476,256,
476,258,0.01761
476,259,-0.01625
476,260,0.00719
476,262,-0.02386
476,263,-0.01134
476,266,0.02784
476,267,0.00109
476,270,
476,271,
476,271.5,
476,272,0.00299
476,273,-0.01227
476,276,-0.00162
476,280,-0.00889
476,285,0.01998
476,296,-0.00249
476,299,0.0214
476,301,0.02298
476,302,
476,303,
476,349,0.00239
476,367,-0.0045
476,412,
476,413,
476,414,
476,469,0.03178
476,470,-0.0048
476,472,-0.00054
476,473,-0.00184
476,476,
476,477,-0.01121
476,480,0.0008
476,510,0.00273
476,511,0.02026
476,512,
476,536,-0.00879
476,539,-0.00557
476,540,-0.01978
476,541,0.0077
476,542,0.01049
476,557,
476,558,
476,559,-0.01885
476,560,-0.02892
476,561,-0.02368
476,562,0.0011
477,248,
477,251,-0.01195
477,254,-0.0033
477,255,0.01742
477,256,
477,258,0.02439
477,259,0.0536
477,260,-0.02619
477,262,0.0704
477,263,-0.00999
477,266,-0.01243
477,267,0.01517
477,270,
477,271,
477,271.5,
477,272,-0.0228
477,273,0.0266
477,276,0.01132
477,280,0.00253
477,285,-0.01217
477,296,0.01226
477,299,0.00916
477,301,-0.02071
477,302,
477,303,
477,349,0.01817
477,367,0.03993
477,412,
477,413,
477,414,
477,469,-0.03195
477,470,-0.00593
477,472,-0.01777
477,473,0.01619
477,476,-0.01121
477,477,
477,480,0.02436
477,510,-0.00697
477,511,-0.04038
477,512,
477,536,0.01715
477,539,0.00501
477,540,0.04642
477,541,-0.00516
477,542,-0.00281
477,557,
477,558,
477,559,0.04474
477,560,0.04885
477,561,0.08541
477,562,0.00501
480,248,
480,251,-0.01225
480,254,-0.00162
480,255,0.01847
480,256,
480,258,0.00995
480,259,0.03514
480,260,-0.02687
480,262,0.02622
480,263,-0.01509
480,266,-0.00108
480,267,0.03286
480,270,
480,271,
480,271.5,
480,272,0.01713
480,273,0.02337
480,276,-0.00476
480,280,-0.01462
480,285,0.00476
480,296,0.00247
480,299,0.0006
480,301,-0.01024
480,302,
480,303,
480,349,-0.00543
480,367,0.00521
480,412,
480,413,
480,414,
480,469,-0.03308
480,470,-0.00838
480,472,0.02065
480,473,0.01073
480,476,0.0008
480,477,0.02436
480,480,
480,510,-0.01122
480,511,-0.01204
480,512,
480,536,-0.00405
480,539,0.02606
480,540,-0.00974
480,541,0.01792
480,542,-0.01163
480,557,
480,558,
480,559,0.01712
480,560,0.01621
480,561,0.02183
480,562,-0.00381
510,248,
510,251,-0.00229
510,254,-0.00059
510,255,-0.00928
510,256,
510,258,0.02846
510,259,-0.00498
510,260,-0.01071
510,262,0.0068
510,263,0.02693
510,266,0.0025
510,267,0.00506
510,270,
510,271,
510,271.5,
510,272,0.00027
510,273,0.00576
510,276,-0.0028
510,280,-0.00041
510,285,0.01848
510,296,0.02482
510,299,-0.00244
510,301,-0.00789
510,302,
510,303,
510,349,-0.00164
510,367,-0.00681
510,412,
510,413,
510,414,
510,469,0.02186
510,470,-0.00122
510,472,0.00067
510,473,0.02525
510,476,0.00273
510,477,-0.00697
510,480,-0.01122
510,510,
510,511,0.00118
510,512,
510,536,-0.00212
510,539,0.0122
510,540,-0.0075
510,541,0.01213
510,542,0.02733
510,557,
510,558,
510,559,-0.00787
510,560,-0.01017
510,561,0.01758
510,562,0.02078
511,248,
511,251,-0.00289
511,254,0.00013
511,255,-0.0174
511,256,
511,258,-0.0046
511,259,-0.02676
511,260,-0.00791
511,262,-0.00178
511,263,-0.0082
511,266,0.05563
511,267,-0.02373
511,270,
511,271,
511,271.5,
511,272,-0.01841
511,273,-0.01897
511,276,-0.00703
511,280,-0.01116
511,285,0.00984
511,296,-0.01098
511,299,0.00344
511,301,-0.00045
511,302,
511,303,
511,349,-0.01256
511,367,-0.02492
511,412,
511,413,
511,414,
511,469,0.04114
511,470,-0.00091
511,472,0.01469
511,473,-0.00873
511,476,0.02026
511,477,-0.04038
511,480,-0.01204
511,510,0.00118
511,511,
511,512,
511,536,-0.00465
511,539,0.01359
511,540,-0.02908
511,541,-0.00281
511,542,0.00669
511,557,
511,558,
511,559,-0.02186
511,560,-0.02832
511,561,-0.01748
511,562,-0.01134
512,248,
512,251,
512,254,
512,255,
512,256,
512,258,
512,259,
512,260,
512,262,
512,263,
512,266,
512,267,
512,270,
512,271,
512,271.5,
512,272,
512,273,
512,276,
512,280,
512,285,
512,296,
512,299,
512,301,
512,302,
512,303,
512,349,
512,367,
512,412,
512,413,
512,414,
512,469,
512,470,
512,472,
512,473,
512,476,
512,477,
512,480,
512,510,
512,511,
512,512,
512,536,
512,539,
512,540,
512,541,
512,542,
512,557,
512,558,
512,559,
512,560,
512,561,
512,562,
536,248,
536,251,-0.00169
536,254,-0.00044
536,255,0.00139
536,256,
536,258,-0.00945
536,259,0.00233
536,260,0.00447
536,262,-0.01116
536,263,-0.0042
536,266,-0.00395
536,267,0.00314
536,270,
536,271,
536,271.5,
536,272,0.00409
536,273,0.00849
536,276,0.02584
536,280,0.02269
536,285,-0.00811
536,296,0.02658
536,299,-0.00608
536,301,-0.00307
536,302,
536,303,
536,349,-0.00786
536,367,-0.00044
536,412,
536,413,
536,414,
536,469,0.00878
536,470,-0.00091
536,472,0.00098
536,473,-0.00446
536,476,-0.00879
536,477,0.01715
536,480,-0.00405
536,510,-0.00212
536,511,-0.00465
536,512,
536,536,
536,539,-0.01065
536,540,0.00029
536,541,-0.01493
536,542,-0.00436
536,557,
536,558,
536,559,0.00501
536,560,-0.00917
536,561,-0.00405
536,562,-0.00874
539,248,
539,251,-0.00932
539,254,-0.00311
539,255,-0.005
539,256,
539,258,0.03371
539,259,0.02151
539,260,0.00034
539,262,-0.02742
539,263,-0.00302
539,266,-0.00919
539,267,0.02077
539,270,
539,271,
539,271.5,
539,272,-0.00023
539,273,-0.0514
539,276,-0.01329
539,280,-0.01307
539,285,0.01825
539,296,-0.00272
539,299,-0.00267
539,301,0.00375
539,302,
539,303,
539,349,0.03668
539,367,-0.00077
539,412,
539,413,
539,414,
539,469,-0.03454
539,470,-0.00542
539,472,0.03603
539,473,0.01196
539,476,-0.00557
539,477,0.00501
539,480,0.02606
539,510,0.0122
539,511,0.01359
539,512,
539,536,-0.01065
539,539,
539,540,-0.03203
539,541,0.07563
539,542,-0.00167
539,557,
539,558,
539,559,-0.02235
539,560,0.0015
539,561,-0.01933
539,562,-0.02076
540,248,
540,251,0.00077
540,254,-0.0002
540,255,0.00325
540,256,
540,258,-0.01693
540,259,0.02738
540,260,-0.01235
540,262,0.02606
540,263,0.00619
540,266,0.01653
540,267,0.01192
540,270,
540,271,
540,271.5,
540,272,-0.02639
540,273,0.02241
540,276,0.00033
540,280,-0.00043
540,285,-0.0263
540,296,-0.00532
540,299,-0.01022
540,301,-0.02095
540,302,
540,303,
540,349,-0.00241
540,367,0.02396
540,412,
540,413,
540,414,
540,469,-0.03836
540,470,0.00737
540,472,-0.01149
540,473,0.0181
540,476,-0.01978
540,477,0.04642
540,480,-0.00974
540,510,-0.0075
540,511,-0.02908
540,512,
540,536,0.00029
540,539,-0.03203
540,540,
540,541,-0.00756
540,542,-0.02111
540,557,
540,558,
540,559,0.06092
540,560,0.04086
540,561,0.03401
540,562,0.01073
541,248,
541,251,-0.01083
541,254,0.00458
541,255,0.00064
541,256,
541,258,0.00788
541,259,-0.02501
541,260,-0.00634
541,262,0.01112
541,263,0.014
541,266,-0.01379
541,267,0.02019
541,270,
541,271,
541,271.5,
541,272,0.00801
541,273,-0.01286
541,276,-0.00906
541,280,-0.01194
541,285,0.0078
541,296,-0.00962
541,299,-0.00621
541,301,0.01419
541,302,
541,303,
541,349,0.00358
541,367,-0.01768
541,412,
541,413,
541,414,
541,469,-0.00966
541,470,0.0023
541,472,0.0186
541,473,0.00721
541,476,0.0077
541,477,-0.00516
541,480,0.01792
541,510,0.01213
541,511,-0.00281
541,512,
541,536,-0.01493
541,539,0.07563
541,540,-0.00756
541,541,
541,542,0.01865
541,557,
541,558,
541,559,-0.03043
541,560,-0.01015
541,561,0.01486
541,562,0.00429
542,248,
542,251,-0.00463
542,254,-0.00122
542,255,0.00056
542,256,
542,258,0.0555
542,259,-0.02345
542,260,0.00034
542,262,0.03851
542,263,0.01765
542,266,-0.00026
542,267,-0.02215
542,270,
542,271,
542,271.5,
542,272,-0.02387
542,273,0.02362
542,276,-0.00575
542,280,-0.00229
542,285,0.04162
542,296,0.01764
542,299,-0.01153
542,301,-0.00672
542,302,
542,303,
542,349,-0.01846
542,367,-0.01965
542,412,
542,413,
542,414,
542,469,0.03651
542,470,-0.0025
542,472,-0.01243
542,473,0.01886
542,476,0.01049
542,477,-0.00281
542,480,-0.01163
542,510,0.02733
542,511,0.00669
542,512,
542,536,-0.00436
542,539,-0.00167
542,540,-0.02111
542,541,0.01865
542,542,
542,557,
542,558,
542,559,-0.01404
542,560,-0.0211
542,561,0.04593
542,562,0.06048
557,248,
557,251,
557,254,
557,255,
557,256,
557,258,
557,259,
557,260,
557,262,
557,263,
557,266,
557,267,
557,270,
557,271,
557,271.5,
557,272,
557,273,
557,276,
557,280,
557,285,
557,296,
557,299,
557,301,
557,302,
557,303,
557,349,
557,367,
557,412,
557,413,
557,414,
557,469,
557,470,
557,472,
557,473,
557,476,
557,477,
557,480,
557,510,
557,511,
557,512,
557,536,
557,539,
557,540,
557,541,
557,542,
557,557,
557,558,
557,559,
557,560,
557,561,
557,562,
558,248,
558,251,
558,254,
558,255,
558,256,
558,258,
558,259,
558,260,
558,262,
558,263,
558,266,
558,267,
558,270,
558,271,
558,271.5,
558,272,
558,273,
558,276,
558,280,
558,285,
558,296,
558,299,
558,301,
558,302,
558,303,
558,349,
558,367,
558,412,
558,413,
558,414,
558,469,
558,470,
558,472,
558,473,
558,476,
558,477,
558,480,
558,510,
558,511,
558,512,
558,536,
558,539,
558,540,
558,541,
558,542,
558,557,
558,558,
558,559,
558,560,
558,561,
558,562,
559,248,
559,251,-0.0056
559,254,-0.00173
559,255,0.05693
559,256,
559,258,-0.02823
559,259,0.07596
559,260,-0.02505
559,262,0.02923
559,263,0.01102
559,266,0.03409
559,267,0.02237
559,270,
559,271,
559,271.5,
559,272,-0.00709
559,273,0.02186
559,276,0.00194
559,280,0.00797
559,285,-0.03227
559,296,-0.0043
559,299,0.00059
559,301,-0.04667
559,302,
559,303,
559,349,-0.02617
559,367,0.01381
559,412,
559,413,
559,414,
559,469,-0.02918
559,470,-0.00338
559,472,-0.00179
559,473,-0.0013
559,476,-0.01885
559,477,0.04474
559,480,0.01712
559,510,-0.00787
559,511,-0.02186
559,512,
559,536,0.00501
559,539,-0.02235
559,540,0.06092
559,541,-0.03043
559,542,-0.01404
559,557,
559,558,
559,559,
559,560,0.01939
559,561,0.06973
559,562,0.03102
560,248,
560,251,-0.0082
560,254,-0.0026
560,255,0.00894
560,256,
560,258,0.02467
560,259,0.05986
560,260,-0.01912
560,262,-0.01058
560,263,-0.00033
560,266,-0.02333
560,267,0.00759
560,270,
560,271,
560,271.5,
560,272,-0.01093
560,273,0.01579
560,276,-0.01187
560,280,-0.00599
560,285,-0.03388
560,296,-0.00971
560,299,-0.01094
560,301,0.02761
560,302,
560,303,
560,349,0.013
560,367,0.00604
560,412,
560,413,
560,414,
560,469,-0.02199
560,470,-0.00504
560,472,-0.01705
560,473,0.00142
560,476,-0.02892
560,477,0.04885
560,480,0.01621
560,510,-0.01017
560,511,-0.02832
560,512,
560,536,-0.00917
560,539,0.0015
560,540,0.04086
560,541,-0.01015
560,542,-0.0211
560,557,
560,558,
560,559,0.01939
560,560,
560,561,-0.01306
560,562,0.00432
561,248,
561,251,-0.00668
561,254,-0.00147
561,255,0.05368
561,256,
561,258,0.01025
561,259,0.04427
561,260,-0.03844
561,262,0.09465
561,263,0.01755
561,266,0.02359
561,267,0.00563
561,270,
561,271,
561,271.5,
561,272,-0.05709
561,273,0.06874
561,276,-0.00343
561,280,-0.00673
561,285,0.0124
561,296,0.02311
561,299,-0.00369
561,301,-0.04717
561,302,
561,303,
561,349,-0.04558
561,367,0.00637
561,412,
561,413,
561,414,
561,469,-0.00464
561,470,0.0026
561,472,-0.01217
561,473,0.04306
561,476,-0.02368
561,477,0.08541
561,480,0.02183
561,510,0.01758
561,511,-0.01748
561,512,
561,536,-0.00405
561,539,-0.01933
561,540,0.03401
561,541,0.01486
561,542,0.04593
561,557,
561,558,
561,559,0.06973
561,560,-0.01306
561,561,
561,562,0.0557
562,248,
562,251,-0.009
562,254,-0.00245
562,255,0.00681
562,256,
562,258,0.03322
562,259,0.01503
562,260,-0.00617
562,262,0.06099
562,263,0.04374
562,266,0.01655
562,267,-0.00314
562,270,
562,271,
562,271.5,
562,272,-0.01665
562,273,0.06643
562,276,-0.01148
562,280,-0.00345
562,285,0.02052
562,296,0.01211
562,299,-0.02192
562,301,-0.02472
562,302,
562,303,
562,349,-0.03342
562,367,-0.0188
562,412,
562,413,
562,414,
562,469,0.01303
562,470,-0.00497
562,472,-0.01669
562,473,0.02006
562,476,0.0011
562,477,0.00501
562,480,-0.00381
562,510,0.02078
562,511,-0.01134
562,512,
562,536,-0.00874
562,539,-0.02076
562,540,0.01073
562,541,0.00429
562,542,0.06048
562,557,
562,558,
562,559,0.03102
562,560,0.00432
562,561,0.0557
562,562,
