c,d,MIp
213,213,
213,216,
213,219,
213,220,
213,221,
213,223,
213,224,
213,225,
213,227,
213,228,
213,231,
213,232,
213,233,
213,234,
213,238,
213,241,
213,242,
213,245,
213,249,
213,254,
213,265,
213,268,
213,270,
213,271,
213,272,
213,317,
213,335,
213,382,
213,383,
213,384,
213,444,
213,445,
213,447,
213,448,
213,451,
213,452,
213,455,
213,486,
213,487,
213,488,
213,515,
213,518,
213,519,
213,520,
213,521,
213,536,
213,537,
213,538,
213,539,
213,540,
213,541,
216,213,
216,216,
216,219,0.00022
216,220,0.00148
216,221,-0.01467
216,223,-0.00239
216,224,-0.00019
216,225,-0.00981
216,227,0.00012
216,228,-0.01577
216,231,-0.0019
216,232,
216,233,
216,234,
216,238,0.00664
216,241,-0.01556
216,242,0.00116
216,245,0.00107
216,249,-0.00314
216,254,0.00899
216,265,-0.00019
216,268,0.03788
216,270,
216,271,
216,272,
216,317,0.0075
216,335,
216,382,
216,383,0.00315
216,384,-0.02001
216,444,
216,445,
216,447,
216,448,
216,451,
216,452,-0.02313
216,455,-0.00688
216,486,
216,487,0.00819
216,488,-0.00237
216,515,
216,518,0.00158
216,519,-0.00107
216,520,0.00539
216,521,-0.00762
216,536,
216,537,
216,538,-0.00028
216,539,0.00921
216,540,-0.01016
216,541,-0.00654
219,213,
219,216,0.00022
219,219,
219,220,-0.0025
219,221,-0.00146
219,223,-0.00915
219,224,0.00174
219,225,-0.00305
219,227,0.00141
219,228,-0.00181
219,231,-0.0075
219,232,
219,233,
219,234,
219,238,0.00861
219,241,-0.01091
219,242,-0.01059
219,245,0.01126
219,249,0.0086
219,254,0.00509
219,265,0.00466
219,268,-0.00826
219,270,
219,271,
219,272,
219,317,0.01039
219,335,
219,382,
219,383,-0.00927
219,384,-0.00913
219,444,
219,445,
219,447,
219,448,
219,451,
219,452,-0.0117
219,455,-0.01613
219,486,
219,487,-0.00228
219,488,-0.00266
219,515,
219,518,-0.00622
219,519,0.00061
219,520,-0.01558
219,521,-0.00814
219,536,
219,537,
219,538,0.00086
219,539,-0.00079
219,540,-0.00929
219,541,-0.01552
220,213,
220,216,0.00148
220,219,-0.0025
220,220,
220,221,0.06501
220,223,-0.02709
220,224,0.00808
220,225,0.0094
220,227,0.0046
220,228,-0.01801
220,231,0.0008
220,232,
220,233,
220,234,
220,238,-0.02381
220,241,-0.03043
220,242,0.00956
220,245,-0.00118
220,249,0.01845
220,254,-0.00733
220,265,0.01847
220,268,0.00924
220,270,
220,271,
220,272,
220,317,0.00137
220,335,
220,382,
220,383,-0.01803
220,384,0.03882
220,444,
220,445,
220,447,
220,448,
220,451,
220,452,-0.01688
220,455,-0.01794
220,486,
220,487,0.0029
220,488,0.00875
220,515,
220,518,-0.00987
220,519,-0.00022
220,520,-0.01306
220,521,0.00979
220,536,
220,537,
220,538,0.00512
220,539,0.02783
220,540,0.01603
220,541,0.02326
221,213,
221,216,-0.01467
221,219,-0.00146
221,220,0.06501
221,221,
221,223,-0.03351
221,224,0.00307
221,225,0.00844
221,227,0.00064
221,228,-0.02638
221,231,0.02076
221,232,
221,233,
221,234,
221,238,-0.00932
221,241,-0.03317
221,242,0.02424
221,245,-0.0002
221,249,0.0244
221,254,-0.01615
221,265,-0.01591
221,268,0.00264
221,270,
221,271,
221,272,
221,317,-0.02885
221,335,
221,382,
221,383,-0.04111
221,384,0.06249
221,444,
221,445,
221,447,
221,448,
221,451,
221,452,-0.0128
221,455,0.00993
221,486,
221,487,0.02416
221,488,0.0217
221,515,
221,518,-0.01753
221,519,0.00129
221,520,-0.0153
221,521,-0.00225
221,536,
221,537,
221,538,0.01796
221,539,-0.00113
221,540,0.03033
221,541,0.02717
223,213,
223,216,-0.00239
223,219,-0.00915
223,220,-0.02709
223,221,-0.03351
223,223,
223,224,-0.00224
223,225,0.01616
223,227,0.00854
223,228,0.05462
223,231,-0.01836
223,232,
223,233,
223,234,
223,238,0.01508
223,241,0.07774
223,242,0.01619
223,245,-0.00936
223,249,-0.01258
223,254,0.01889
223,265,-0.0087
223,268,-0.02806
223,270,
223,271,
223,272,
223,317,0.04048
223,335,
223,382,
223,383,0.04049
223,384,-0.00447
223,444,
223,445,
223,447,
223,448,
223,451,
223,452,0.02279
223,455,0.02722
223,486,
223,487,-0.00356
223,488,-0.00767
223,515,
223,518,-0.03268
223,519,0.00046
223,520,0.03201
223,521,-0.01424
223,536,
223,537,
223,538,-0.00432
223,539,-0.02121
223,540,0.00045
223,541,-0.02924
224,213,
224,216,-0.00019
224,219,0.00174
224,220,0.00808
224,221,0.00307
224,223,-0.00224
224,224,
224,225,0.00564
224,227,-0.001
224,228,-0.00387
224,231,-0.00122
224,232,
224,233,
224,234,
224,238,-0.00453
224,241,-0.00087
224,242,-0.00433
224,245,-0.00591
224,249,0.00108
224,254,-0.00387
224,265,-0.00223
224,268,-0.00314
224,270,
224,271,
224,272,
224,317,0.00632
224,335,
224,382,
224,383,-0.00386
224,384,0.00148
224,444,
224,445,
224,447,
224,448,
224,451,
224,452,-0.00606
224,455,-0.00278
224,486,
224,487,-0.00166
224,488,-0.00077
224,515,
224,518,-0.00125
224,519,0.00328
224,520,-0.00692
224,521,-0.00338
224,536,
224,537,
224,538,-0.00099
224,539,-0.00143
224,540,0.00725
224,541,0.00007
225,213,
225,216,-0.00981
225,219,-0.00305
225,220,0.0094
225,221,0.00844
225,223,0.01616
225,224,0.00564
225,225,
225,227,-0.01116
225,228,0.04461
225,231,-0.01802
225,232,
225,233,
225,234,
225,238,-0.00445
225,241,0.01793
225,242,0.08872
225,245,0.06451
225,249,-0.01817
225,254,-0.01451
225,265,-0.01241
225,268,0.02176
225,270,
225,271,
225,272,
225,317,-0.00879
225,335,
225,382,
225,383,0.00788
225,384,-0.0077
225,444,
225,445,
225,447,
225,448,
225,451,
225,452,0.09583
225,455,0.05088
225,486,
225,487,-0.01083
225,488,0.00099
225,515,
225,518,0.00111
225,519,0.00143
225,520,0.04812
225,521,-0.0002
225,536,
225,537,
225,538,-0.00168
225,539,-0.01031
225,540,-0.01162
225,541,-0.02831
227,213,
227,216,0.00012
227,219,0.00141
227,220,0.0046
227,221,0.00064
227,223,0.00854
227,224,-0.001
227,225,-0.01116
227,227,
227,228,-0.01037
227,231,0.01727
227,232,
227,233,
227,234,
227,238,-0.01454
227,241,0.00897
227,242,0.00966
227,245,0.00023
227,249,0.00206
227,254,0.01161
227,265,0.0036
227,268,-0.00266
227,270,
227,271,
227,272,
227,317,0.00064
227,335,
227,382,
227,383,-0.00937
227,384,0.02024
227,444,
227,445,
227,447,
227,448,
227,451,
227,452,-0.01586
227,455,-0.00321
227,486,
227,487,0.00085
227,488,-0.00261
227,515,
227,518,-0.00941
227,519,-0.00085
227,520,0.00878
227,521,0.00206
227,536,
227,537,
227,538,0.01106
227,539,0.00706
227,540,0.03363
227,541,-0.00459
228,213,
228,216,-0.01577
228,219,-0.00181
228,220,-0.01801
228,221,-0.02638
228,223,0.05462
228,224,-0.00387
228,225,0.04461
228,227,-0.01037
228,228,
228,231,-0.00879
228,232,
228,233,
228,234,
228,238,-0.00781
228,241,0.06692
228,242,0.00778
228,245,0.02482
228,249,-0.02126
228,254,0.01128
228,265,-0.03152
228,268,-0.015
228,270,
228,271,
228,272,
228,317,0.03576
228,335,
228,382,
228,383,0.01174
228,384,-0.03727
228,444,
228,445,
228,447,
228,448,
228,451,
228,452,0.07626
228,455,0.00708
228,486,
228,487,-0.01415
228,488,-0.00522
228,515,
228,518,0.0001
228,519,0.00078
228,520,0.03287
228,521,-0.01064
228,536,
228,537,
228,538,-0.00448
228,539,-0.00552
228,540,-0.02312
228,541,-0.01826
231,213,
231,216,-0.0019
231,219,-0.0075
231,220,0.0008
231,221,0.02076
231,223,-0.01836
231,224,-0.00122
231,225,-0.01802
231,227,0.01727
231,228,-0.00879
231,231,
231,232,
231,233,
231,234,
231,238,0.0163
231,241,-0.02814
231,242,0.01439
231,245,-0.01171
231,249,-0.01429
231,254,0.02054
231,265,-0.00959
231,268,0.02143
231,270,
231,271,
231,272,
231,317,-0.03179
231,335,
231,382,
231,383,-0.01467
231,384,0.02507
231,444,
231,445,
231,447,
231,448,
231,451,
231,452,-0.0524
231,455,-0.02655
231,486,
231,487,0.00606
231,488,-0.00693
231,515,
231,518,0.00432
231,519,-0.00086
231,520,0.00665
231,521,-0.00923
231,536,
231,537,
231,538,0.00337
231,539,0.00024
231,540,0.06586
231,541,0.06048
232,213,
232,216,
232,219,
232,220,
232,221,
232,223,
232,224,
232,225,
232,227,
232,228,
232,231,
232,232,
232,233,
232,234,
232,238,
232,241,
232,242,
232,245,
232,249,
232,254,
232,265,
232,268,
232,270,
232,271,
232,272,
232,317,
232,335,
232,382,
232,383,
232,384,
232,444,
232,445,
232,447,
232,448,
232,451,
232,452,
232,455,
232,486,
232,487,
232,488,
232,515,
232,518,
232,519,
232,520,
232,521,
232,536,
232,537,
232,538,
232,539,
232,540,
232,541,
233,213,
233,216,
233,219,
233,220,
233,221,
233,223,
233,224,
233,225,
233,227,
233,228,
233,231,
233,232,
233,233,
233,234,
233,238,
233,241,
233,242,
233,245,
233,249,
233,254,
233,265,
233,268,
233,270,
233,271,
233,272,
233,317,
233,335,
233,382,
233,383,
233,384,
233,444,
233,445,
233,447,
233,448,
233,451,
233,452,
233,455,
233,486,
233,487,
233,488,
233,515,
233,518,
233,519,
233,520,
233,521,
233,536,
233,537,
233,538,
233,539,
233,540,
233,541,
234,213,
234,216,
234,219,
234,220,
234,221,
234,223,
234,224,
234,225,
234,227,
234,228,
234,231,
234,232,
234,233,
234,234,
234,238,
234,241,
234,242,
234,245,
234,249,
234,254,
234,265,
234,268,
234,270,
234,271,
234,272,
234,317,
234,335,
234,382,
234,383,
234,384,
234,444,
234,445,
234,447,
234,448,
234,451,
234,452,
234,455,
234,486,
234,487,
234,488,
234,515,
234,518,
234,519,
234,520,
234,521,
234,536,
234,537,
234,538,
234,539,
234,540,
234,541,
238,213,
238,216,0.00664
238,219,0.00861
238,220,-0.02381
238,221,-0.00932
238,223,0.01508
238,224,-0.00453
238,225,-0.00445
238,227,-0.01454
238,228,-0.00781
238,231,0.0163
238,232,
238,233,
238,234,
238,238,
238,241,0.01944
238,242,0.0238
238,245,0.05197
238,249,-0.02965
238,254,0.00168
238,265,-0.0172
238,268,0.0189
238,270,
238,271,
238,272,
238,317,-0.00468
238,335,
238,382,
238,383,0.02358
238,384,-0.02643
238,444,
238,445,
238,447,
238,448,
238,451,
238,452,0.00502
238,455,0.06525
238,486,
238,487,-0.00233
238,488,-0.00279
238,515,
238,518,-0.0109
238,519,-0.00276
238,520,0.03433
238,521,0.04383
238,536,
238,537,
238,538,-0.00973
238,539,-0.02247
238,540,-0.02622
238,541,-0.01906
241,213,
241,216,-0.01556
241,219,-0.01091
241,220,-0.03043
241,221,-0.03317
241,223,0.07774
241,224,-0.00087
241,225,0.01793
241,227,0.00897
241,228,0.06692
241,231,-0.02814
241,232,
241,233,
241,234,
241,238,0.01944
241,241,
241,242,0.01146
241,245,0.00171
241,249,-0.0124
241,254,-0.00183
241,265,-0.00241
241,268,-0.02466
241,270,
241,271,
241,272,
241,317,0.04501
241,335,
241,382,
241,383,0.00014
241,384,-0.00191
241,444,
241,445,
241,447,
241,448,
241,451,
241,452,0.03943
241,455,0.03867
241,486,
241,487,-0.01402
241,488,-0.00122
241,515,
241,518,0.00376
241,519,-0.00095
241,520,0.0306
241,521,-0.03061
241,536,
241,537,
241,538,-0.00957
241,539,0.00081
241,540,0.00402
241,541,-0.01048
242,213,
242,216,0.00116
242,219,-0.01059
242,220,0.00956
242,221,0.02424
242,223,0.01619
242,224,-0.00433
242,225,0.08872
242,227,0.00966
242,228,0.00778
242,231,0.01439
242,232,
242,233,
242,234,
242,238,0.0238
242,241,0.01146
242,242,
242,245,0.0607
242,249,0.0059
242,254,-0.0247
242,265,0.0013
242,268,0.05415
242,270,
242,271,
242,272,
242,317,-0.01595
242,335,
242,382,
242,383,-0.01547
242,384,0.0509
242,444,
242,445,
242,447,
242,448,
242,451,
242,452,0.04384
242,455,0.04411
242,486,
242,487,0.00295
242,488,-0.00395
242,515,
242,518,-0.00129
242,519,-0.00277
242,520,0.041
242,521,-0.02037
242,536,
242,537,
242,538,-0.00774
242,539,-0.01553
242,540,0.01873
242,541,-0.04481
245,213,
245,216,0.00107
245,219,0.01126
245,220,-0.00118
245,221,-0.0002
245,223,-0.00936
245,224,-0.00591
245,225,0.06451
245,227,0.00023
245,228,0.02482
245,231,-0.01171
245,232,
245,233,
245,234,
245,238,0.05197
245,241,0.00171
245,242,0.0607
245,245,
245,249,-0.01508
245,254,0.00809
245,265,0.00174
245,268,-0.01896
245,270,
245,271,
245,272,
245,317,0.02178
245,335,
245,382,
245,383,-0.00215
245,384,-0.01826
245,444,
245,445,
245,447,
245,448,
245,451,
245,452,0.04125
245,455,0.00151
245,486,
245,487,-0.02041
245,488,-0.01143
245,515,
245,518,-0.00698
245,519,-0.00347
245,520,-0.00689
245,521,0.0097
245,536,
245,537,
245,538,-0.01335
245,539,-0.00438
245,540,-0.01605
245,541,-0.03179
249,213,
249,216,-0.00314
249,219,0.0086
249,220,0.01845
249,221,0.0244
249,223,-0.01258
249,224,0.00108
249,225,-0.01817
249,227,0.00206
249,228,-0.02126
249,231,-0.01429
249,232,
249,233,
249,234,
249,238,-0.02965
249,241,-0.0124
249,242,0.0059
249,245,-0.01508
249,249,
249,254,-0.01165
249,265,0.00738
249,268,-0.01805
249,270,
249,271,
249,272,
249,317,0.01386
249,335,
249,382,
249,383,-0.02247
249,384,0.02771
249,444,
249,445,
249,447,
249,448,
249,451,
249,452,-0.01055
249,455,-0.01999
249,486,
249,487,0.01837
249,488,0.01574
249,515,
249,518,-0.00787
249,519,0.00131
249,520,-0.00374
249,521,-0.01145
249,536,
249,537,
249,538,0.02351
249,539,0.02717
249,540,0.00022
249,541,0.00802
254,213,
254,216,0.00899
254,219,0.00509
254,220,-0.00733
254,221,-0.01615
254,223,0.01889
254,224,-0.00387
254,225,-0.01451
254,227,0.01161
254,228,0.01128
254,231,0.02054
254,232,
254,233,
254,234,
254,238,0.00168
254,241,-0.00183
254,242,-0.0247
254,245,0.00809
254,249,-0.01165
254,254,
254,265,-0.00495
254,268,0.00377
254,270,
254,271,
254,272,
254,317,0.01542
254,335,
254,382,
254,383,-0.00683
254,384,0.00071
254,444,
254,445,
254,447,
254,448,
254,451,
254,452,-0.04886
254,455,-0.03323
254,486,
254,487,-0.01011
254,488,-0.01017
254,515,
254,518,-0.01251
254,519,0.00127
254,520,-0.00827
254,521,-0.01407
254,536,
254,537,
254,538,-0.0009
254,539,0.00837
254,540,0.01301
254,541,
265,213,
265,216,-0.00019
265,219,0.00466
265,220,0.01847
265,221,-0.01591
265,223,-0.0087
265,224,-0.00223
265,225,-0.01241
265,227,0.0036
265,228,-0.03152
265,231,-0.00959
265,232,
265,233,
265,234,
265,238,-0.0172
265,241,-0.00241
265,242,0.0013
265,245,0.00174
265,249,0.00738
265,254,-0.00495
265,265,
265,268,0.00703
265,270,
265,271,
265,272,
265,317,0.00377
265,335,
265,382,
265,383,0.01283
265,384,0.01301
265,444,
265,445,
265,447,
265,448,
265,451,
265,452,-0.02317
265,455,-0.00499
265,486,
265,487,-0.0078
265,488,-0.0055
265,515,
265,518,0.00597
265,519,0.00206
265,520,0.0183
265,521,-0.00161
265,536,
265,537,
265,538,-0.0042
265,539,0.01723
265,540,0.01367
265,541,
268,213,
268,216,0.03788
268,219,-0.00826
268,220,0.00924
268,221,0.00264
268,223,-0.02806
268,224,-0.00314
268,225,0.02176
268,227,-0.00266
268,228,-0.015
268,231,0.02143
268,232,
268,233,
268,234,
268,238,0.0189
268,241,-0.02466
268,242,0.05415
268,245,-0.01896
268,249,-0.01805
268,254,0.00377
268,265,0.00703
268,268,
268,270,
268,271,
268,272,
268,317,-0.01431
268,335,
268,382,
268,383,-0.01203
268,384,0.00414
268,444,
268,445,
268,447,
268,448,
268,451,
268,452,0.00767
268,455,0.0146
268,486,
268,487,0.02645
268,488,-0.01047
268,515,
268,518,0.02735
268,519,0.0008
268,520,0.00575
268,521,-0.00543
268,536,
268,537,
268,538,-0.01367
268,539,-0.00196
268,540,0.02188
268,541,
270,213,
270,216,
270,219,
270,220,
270,221,
270,223,
270,224,
270,225,
270,227,
270,228,
270,231,
270,232,
270,233,
270,234,
270,238,
270,241,
270,242,
270,245,
270,249,
270,254,
270,265,
270,268,
270,270,
270,271,
270,272,
270,317,
270,335,
270,382,
270,383,
270,384,
270,444,
270,445,
270,447,
270,448,
270,451,
270,452,
270,455,
270,486,
270,487,
270,488,
270,515,
270,518,
270,519,
270,520,
270,521,
270,536,
270,537,
270,538,
270,539,
270,540,
270,541,
271,213,
271,216,
271,219,
271,220,
271,221,
271,223,
271,224,
271,225,
271,227,
271,228,
271,231,
271,232,
271,233,
271,234,
271,238,
271,241,
271,242,
271,245,
271,249,
271,254,
271,265,
271,268,
271,270,
271,271,
271,272,
271,317,
271,335,
271,382,
271,383,
271,384,
271,444,
271,445,
271,447,
271,448,
271,451,
271,452,
271,455,
271,486,
271,487,
271,488,
271,515,
271,518,
271,519,
271,520,
271,521,
271,536,
271,537,
271,538,
271,539,
271,540,
271,541,
272,213,
272,216,
272,219,
272,220,
272,221,
272,223,
272,224,
272,225,
272,227,
272,228,
272,231,
272,232,
272,233,
272,234,
272,238,
272,241,
272,242,
272,245,
272,249,
272,254,
272,265,
272,268,
272,270,
272,271,
272,272,
272,317,
272,335,
272,382,
272,383,
272,384,
272,444,
272,445,
272,447,
272,448,
272,451,
272,452,
272,455,
272,486,
272,487,
272,488,
272,515,
272,518,
272,519,
272,520,
272,521,
272,536,
272,537,
272,538,
272,539,
272,540,
272,541,
317,213,
317,216,0.0075
317,219,0.01039
317,220,0.00137
317,221,-0.02885
317,223,0.04048
317,224,0.00632
317,225,-0.00879
317,227,0.00064
317,228,0.03576
317,231,-0.03179
317,232,
317,233,
317,234,
317,238,-0.00468
317,241,0.04501
317,242,-0.01595
317,245,0.02178
317,249,0.01386
317,254,0.01542
317,265,0.00377
317,268,-0.01431
317,270,
317,271,
317,272,
317,317,
317,335,
317,382,
317,383,-0.01017
317,384,-0.02776
317,444,
317,445,
317,447,
317,448,
317,451,
317,452,0.01603
317,455,-0.00314
317,486,
317,487,-0.01635
317,488,-0.00687
317,515,
317,518,0.00539
317,519,0.00081
317,520,0.01071
317,521,-0.00553
317,536,
317,537,
317,538,0.00127
317,539,0.02459
317,540,-0.00065
317,541,
335,213,
335,216,
335,219,
335,220,
335,221,
335,223,
335,224,
335,225,
335,227,
335,228,
335,231,
335,232,
335,233,
335,234,
335,238,
335,241,
335,242,
335,245,
335,249,
335,254,
335,265,
335,268,
335,270,
335,271,
335,272,
335,317,
335,335,
335,382,
335,383,
335,384,
335,444,
335,445,
335,447,
335,448,
335,451,
335,452,
335,455,
335,486,
335,487,
335,488,
335,515,
335,518,
335,519,
335,520,
335,521,
335,536,
335,537,
335,538,
335,539,
335,540,
335,541,
382,213,
382,216,
382,219,
382,220,
382,221,
382,223,
382,224,
382,225,
382,227,
382,228,
382,231,
382,232,
382,233,
382,234,
382,238,
382,241,
382,242,
382,245,
382,249,
382,254,
382,265,
382,268,
382,270,
382,271,
382,272,
382,317,
382,335,
382,382,
382,383,
382,384,
382,444,
382,445,
382,447,
382,448,
382,451,
382,452,
382,455,
382,486,
382,487,
382,488,
382,515,
382,518,
382,519,
382,520,
382,521,
382,536,
382,537,
382,538,
382,539,
382,540,
382,541,
383,213,
383,216,0.00315
383,219,-0.00927
383,220,-0.01803
383,221,-0.04111
383,223,0.04049
383,224,-0.00386
383,225,0.00788
383,227,-0.00937
383,228,0.01174
383,231,-0.01467
383,232,
383,233,
383,234,
383,238,0.02358
383,241,0.00014
383,242,-0.01547
383,245,-0.00215
383,249,-0.02247
383,254,-0.00683
383,265,0.01283
383,268,-0.01203
383,270,
383,271,
383,272,
383,317,-0.01017
383,335,
383,382,
383,383,
383,384,-0.00797
383,444,
383,445,
383,447,
383,448,
383,451,
383,452,-0.01361
383,455,-0.00281
383,486,
383,487,-0.00407
383,488,-0.00035
383,515,
383,518,0.00815
383,519,-0.00289
383,520,-0.01854
383,521,0.00304
383,536,
383,537,
383,538,-0.01367
383,539,-0.00688
383,540,-0.03379
383,541,0.00355
384,213,
384,216,-0.02001
384,219,-0.00913
384,220,0.03882
384,221,0.06249
384,223,-0.00447
384,224,0.00148
384,225,-0.0077
384,227,0.02024
384,228,-0.03727
384,231,0.02507
384,232,
384,233,
384,234,
384,238,-0.02643
384,241,-0.00191
384,242,0.0509
384,245,-0.01826
384,249,0.02771
384,254,0.00071
384,265,0.01301
384,268,0.00414
384,270,
384,271,
384,272,
384,317,-0.02776
384,335,
384,382,
384,383,-0.00797
384,384,
384,444,
384,445,
384,447,
384,448,
384,451,
384,452,-0.05082
384,455,0.01696
384,486,
384,487,-0.0013
384,488,0.00873
384,515,
384,518,-0.00962
384,519,0.00143
384,520,-0.01135
384,521,-0.0071
384,536,
384,537,
384,538,0.00848
384,539,0.00122
384,540,0.04381
384,541,0.0218
444,213,
444,216,
444,219,
444,220,
444,221,
444,223,
444,224,
444,225,
444,227,
444,228,
444,231,
444,232,
444,233,
444,234,
444,238,
444,241,
444,242,
444,245,
444,249,
444,254,
444,265,
444,268,
444,270,
444,271,
444,272,
444,317,
444,335,
444,382,
444,383,
444,384,
444,444,
444,445,
444,447,
444,448,
444,451,
444,452,
444,455,
444,486,
444,487,
444,488,
444,515,
444,518,
444,519,
444,520,
444,521,
444,536,
444,537,
444,538,
444,539,
444,540,
444,541,
445,213,
445,216,
445,219,
445,220,
445,221,
445,223,
445,224,
445,225,
445,227,
445,228,
445,231,
445,232,
445,233,
445,234,
445,238,
445,241,
445,242,
445,245,
445,249,
445,254,
445,265,
445,268,
445,270,
445,271,
445,272,
445,317,
445,335,
445,382,
445,383,
445,384,
445,444,
445,445,
445,447,
445,448,
445,451,
445,452,
445,455,
445,486,
445,487,
445,488,
445,515,
445,518,
445,519,
445,520,
445,521,
445,536,
445,537,
445,538,
445,539,
445,540,
445,541,
447,213,
447,216,
447,219,
447,220,
447,221,
447,223,
447,224,
447,225,
447,227,
447,228,
447,231,
447,232,
447,233,
447,234,
447,238,
447,241,
447,242,
447,245,
447,249,
447,254,
447,265,
447,268,
447,270,
447,271,
447,272,
447,317,
447,335,
447,382,
447,383,
447,384,
447,444,
447,445,
447,447,
447,448,
447,451,
447,452,
447,455,
447,486,
447,487,
447,488,
447,515,
447,518,
447,519,
447,520,
447,521,
447,536,
447,537,
447,538,
447,539,
447,540,
447,541,
448,213,
448,216,
448,219,
448,220,
448,221,
448,223,
448,224,
448,225,
448,227,
448,228,
448,231,
448,232,
448,233,
448,234,
448,238,
448,241,
448,242,
448,245,
448,249,
448,254,
448,265,
448,268,
448,270,
448,271,
448,272,
448,317,
448,335,
448,382,
448,383,
448,384,
448,444,
448,445,
448,447,
448,448,
448,451,
448,452,
448,455,
448,486,
448,487,
448,488,
448,515,
448,518,
448,519,
448,520,
448,521,
448,536,
448,537,
448,538,
448,539,
448,540,
448,541,
451,213,
451,216,
451,219,
451,220,
451,221,
451,223,
451,224,
451,225,
451,227,
451,228,
451,231,
451,232,
451,233,
451,234,
451,238,
451,241,
451,242,
451,245,
451,249,
451,254,
451,265,
451,268,
451,270,
451,271,
451,272,
451,317,
451,335,
451,382,
451,383,
451,384,
451,444,
451,445,
451,447,
451,448,
451,451,
451,452,
451,455,
451,486,
451,487,
451,488,
451,515,
451,518,
451,519,
451,520,
451,521,
451,536,
451,537,
451,538,
451,539,
451,540,
451,541,
452,213,
452,216,-0.02313
452,219,-0.0117
452,220,-0.01688
452,221,-0.0128
452,223,0.02279
452,224,-0.00606
452,225,0.09583
452,227,-0.01586
452,228,0.07626
452,231,-0.0524
452,232,
452,233,
452,234,
452,238,0.00502
452,241,0.03943
452,242,0.04384
452,245,0.04125
452,249,-0.01055
452,254,-0.04886
452,265,-0.02317
452,268,0.00767
452,270,
452,271,
452,272,
452,317,0.01603
452,335,
452,382,
452,383,-0.01361
452,384,-0.05082
452,444,
452,445,
452,447,
452,448,
452,451,
452,452,
452,455,0.0454
452,486,
452,487,0.00325
452,488,0.01644
452,515,
452,518,-0.00076
452,519,-0.00108
452,520,0.03045
452,521,0.02407
452,536,
452,537,
452,538,-0.01653
452,539,-0.01208
452,540,-0.0323
452,541,0.02572
455,213,
455,216,-0.00688
455,219,-0.01613
455,220,-0.01794
455,221,0.00993
455,223,0.02722
455,224,-0.00278
455,225,0.05088
455,227,-0.00321
455,228,0.00708
455,231,-0.02655
455,232,
455,233,
455,234,
455,238,0.06525
455,241,0.03867
455,242,0.04411
455,245,0.00151
455,249,-0.01999
455,254,-0.03323
455,265,-0.00499
455,268,0.0146
455,270,
455,271,
455,272,
455,317,-0.00314
455,335,
455,382,
455,383,-0.00281
455,384,0.01696
455,444,
455,445,
455,447,
455,448,
455,451,
455,452,0.0454
455,455,
455,486,
455,487,-0.0146
455,488,-0.00431
455,515,
455,518,0.01135
455,519,-0.00376
455,520,0.06824
455,521,0.05507
455,536,
455,537,
455,538,-0.00456
455,539,-0.01587
455,540,0.01464
455,541,0.03449
486,213,
486,216,
486,219,
486,220,
486,221,
486,223,
486,224,
486,225,
486,227,
486,228,
486,231,
486,232,
486,233,
486,234,
486,238,
486,241,
486,242,
486,245,
486,249,
486,254,
486,265,
486,268,
486,270,
486,271,
486,272,
486,317,
486,335,
486,382,
486,383,
486,384,
486,444,
486,445,
486,447,
486,448,
486,451,
486,452,
486,455,
486,486,
486,487,
486,488,
486,515,
486,518,
486,519,
486,520,
486,521,
486,536,
486,537,
486,538,
486,539,
486,540,
486,541,
487,213,
487,216,0.00819
487,219,-0.00228
487,220,0.0029
487,221,0.02416
487,223,-0.00356
487,224,-0.00166
487,225,-0.01083
487,227,0.00085
487,228,-0.01415
487,231,0.00606
487,232,
487,233,
487,234,
487,238,-0.00233
487,241,-0.01402
487,242,0.00295
487,245,-0.02041
487,249,0.01837
487,254,-0.01011
487,265,-0.0078
487,268,0.02645
487,270,
487,271,
487,272,
487,317,-0.01635
487,335,
487,382,
487,383,-0.00407
487,384,-0.0013
487,444,
487,445,
487,447,
487,448,
487,451,
487,452,0.00325
487,455,-0.0146
487,486,
487,487,
487,488,0.02908
487,515,
487,518,-0.01473
487,519,-0.00132
487,520,-0.02635
487,521,-0.01268
487,536,
487,537,
487,538,0.0108
487,539,-0.00037
487,540,-0.01523
487,541,-0.00859
488,213,
488,216,-0.00237
488,219,-0.00266
488,220,0.00875
488,221,0.0217
488,223,-0.00767
488,224,-0.00077
488,225,0.00099
488,227,-0.00261
488,228,-0.00522
488,231,-0.00693
488,232,
488,233,
488,234,
488,238,-0.00279
488,241,-0.00122
488,242,-0.00395
488,245,-0.01143
488,249,0.01574
488,254,-0.01017
488,265,-0.0055
488,268,-0.01047
488,270,
488,271,
488,272,
488,317,-0.00687
488,335,
488,382,
488,383,-0.00035
488,384,0.00873
488,444,
488,445,
488,447,
488,448,
488,451,
488,452,0.01644
488,455,-0.00431
488,486,
488,487,0.02908
488,488,
488,515,
488,518,-0.00419
488,519,-0.00067
488,520,-0.01742
488,521,-0.00861
488,536,
488,537,
488,538,-0.00266
488,539,-0.00153
488,540,-0.00783
488,541,-0.00634
515,213,
515,216,
515,219,
515,220,
515,221,
515,223,
515,224,
515,225,
515,227,
515,228,
515,231,
515,232,
515,233,
515,234,
515,238,
515,241,
515,242,
515,245,
515,249,
515,254,
515,265,
515,268,
515,270,
515,271,
515,272,
515,317,
515,335,
515,382,
515,383,
515,384,
515,444,
515,445,
515,447,
515,448,
515,451,
515,452,
515,455,
515,486,
515,487,
515,488,
515,515,
515,518,
515,519,
515,520,
515,521,
515,536,
515,537,
515,538,
515,539,
515,540,
515,541,
518,213,
518,216,0.00158
518,219,-0.00622
518,220,-0.00987
518,221,-0.01753
518,223,-0.03268
518,224,-0.00125
518,225,0.00111
518,227,-0.00941
518,228,0.0001
518,231,0.00432
518,232,
518,233,
518,234,
518,238,-0.0109
518,241,0.00376
518,242,-0.00129
518,245,-0.00698
518,249,-0.00787
518,254,-0.01251
518,265,0.00597
518,268,0.02735
518,270,
518,271,
518,272,
518,317,0.00539
518,335,
518,382,
518,383,0.00815
518,384,-0.00962
518,444,
518,445,
518,447,
518,448,
518,451,
518,452,-0.00076
518,455,0.01135
518,486,
518,487,-0.01473
518,488,-0.00419
518,515,
518,518,
518,519,-0.00262
518,520,0.00041
518,521,-0.02766
518,536,
518,537,
518,538,-0.00258
518,539,0.00917
518,540,-0.0188
518,541,
519,213,
519,216,-0.00107
519,219,0.00061
519,220,-0.00022
519,221,0.00129
519,223,0.00046
519,224,0.00328
519,225,0.00143
519,227,-0.00085
519,228,0.00078
519,231,-0.00086
519,232,
519,233,
519,234,
519,238,-0.00276
519,241,-0.00095
519,242,-0.00277
519,245,-0.00347
519,249,0.00131
519,254,0.00127
519,265,0.00206
519,268,0.0008
519,270,
519,271,
519,272,
519,317,0.00081
519,335,
519,382,
519,383,-0.00289
519,384,0.00143
519,444,
519,445,
519,447,
519,448,
519,451,
519,452,-0.00108
519,455,-0.00376
519,486,
519,487,-0.00132
519,488,-0.00067
519,515,
519,518,-0.00262
519,519,
519,520,-0.00429
519,521,-0.00278
519,536,
519,537,
519,538,0.00035
519,539,-0.00128
519,540,0.00013
519,541,
520,213,
520,216,0.00539
520,219,-0.01558
520,220,-0.01306
520,221,-0.0153
520,223,0.03201
520,224,-0.00692
520,225,0.04812
520,227,0.00878
520,228,0.03287
520,231,0.00665
520,232,
520,233,
520,234,
520,238,0.03433
520,241,0.0306
520,242,0.041
520,245,-0.00689
520,249,-0.00374
520,254,-0.00827
520,265,0.0183
520,268,0.00575
520,270,
520,271,
520,272,
520,317,0.01071
520,335,
520,382,
520,383,-0.01854
520,384,-0.01135
520,444,
520,445,
520,447,
520,448,
520,451,
520,452,0.03045
520,455,0.06824
520,486,
520,487,-0.02635
520,488,-0.01742
520,515,
520,518,0.00041
520,519,-0.00429
520,520,
520,521,0.04647
520,536,
520,537,
520,538,0.00992
520,539,0.00573
520,540,0.04639
520,541,
521,213,
521,216,-0.00762
521,219,-0.00814
521,220,0.00979
521,221,-0.00225
521,223,-0.01424
521,224,-0.00338
521,225,-0.0002
521,227,0.00206
521,228,-0.01064
521,231,-0.00923
521,232,
521,233,
521,234,
521,238,0.04383
521,241,-0.03061
521,242,-0.02037
521,245,0.0097
521,249,-0.01145
521,254,-0.01407
521,265,-0.00161
521,268,-0.00543
521,270,
521,271,
521,272,
521,317,-0.00553
521,335,
521,382,
521,383,0.00304
521,384,-0.0071
521,444,
521,445,
521,447,
521,448,
521,451,
521,452,0.02407
521,455,0.05507
521,486,
521,487,-0.01268
521,488,-0.00861
521,515,
521,518,-0.02766
521,519,-0.00278
521,520,0.04647
521,521,
521,536,
521,537,
521,538,-0.0022
521,539,-0.00549
521,540,0.00442
521,541,
536,213,
536,216,
536,219,
536,220,
536,221,
536,223,
536,224,
536,225,
536,227,
536,228,
536,231,
536,232,
536,233,
536,234,
536,238,
536,241,
536,242,
536,245,
536,249,
536,254,
536,265,
536,268,
536,270,
536,271,
536,272,
536,317,
536,335,
536,382,
536,383,
536,384,
536,444,
536,445,
536,447,
536,448,
536,451,
536,452,
536,455,
536,486,
536,487,
536,488,
536,515,
536,518,
536,519,
536,520,
536,521,
536,536,
536,537,
536,538,
536,539,
536,540,
536,541,
537,213,
537,216,
537,219,
537,220,
537,221,
537,223,
537,224,
537,225,
537,227,
537,228,
537,231,
537,232,
537,233,
537,234,
537,238,
537,241,
537,242,
537,245,
537,249,
537,254,
537,265,
537,268,
537,270,
537,271,
537,272,
537,317,
537,335,
537,382,
537,383,
537,384,
537,444,
537,445,
537,447,
537,448,
537,451,
537,452,
537,455,
537,486,
537,487,
537,488,
537,515,
537,518,
537,519,
537,520,
537,521,
537,536,
537,537,
537,538,
537,539,
537,540,
537,541,
538,213,
538,216,-0.00028
538,219,0.00086
538,220,0.00512
538,221,0.01796
538,223,-0.00432
538,224,-0.00099
538,225,-0.00168
538,227,0.01106
538,228,-0.00448
538,231,0.00337
538,232,
538,233,
538,234,
538,238,-0.00973
538,241,-0.00957
538,242,-0.00774
538,245,-0.01335
538,249,0.02351
538,254,-0.0009
538,265,-0.0042
538,268,-0.01367
538,270,
538,271,
538,272,
538,317,0.00127
538,335,
538,382,
538,383,-0.01367
538,384,0.00848
538,444,
538,445,
538,447,
538,448,
538,451,
538,452,-0.01653
538,455,-0.00456
538,486,
538,487,0.0108
538,488,-0.00266
538,515,
538,518,-0.00258
538,519,0.00035
538,520,0.00992
538,521,-0.0022
538,536,
538,537,
538,538,
538,539,0.01081
538,540,0.01474
538,541,0.0201
539,213,
539,216,0.00921
539,219,-0.00079
539,220,0.02783
539,221,-0.00113
539,223,-0.02121
539,224,-0.00143
539,225,-0.01031
539,227,0.00706
539,228,-0.00552
539,231,0.00024
539,232,
539,233,
539,234,
539,238,-0.02247
539,241,0.00081
539,242,-0.01553
539,245,-0.00438
539,249,0.02717
539,254,0.00837
539,265,0.01723
539,268,-0.00196
539,270,
539,271,
539,272,
539,317,0.02459
539,335,
539,382,
539,383,-0.00688
539,384,0.00122
539,444,
539,445,
539,447,
539,448,
539,451,
539,452,-0.01208
539,455,-0.01587
539,486,
539,487,-0.00037
539,488,-0.00153
539,515,
539,518,0.00917
539,519,-0.00128
539,520,0.00573
539,521,-0.00549
539,536,
539,537,
539,538,0.01081
539,539,
539,540,0.00794
539,541,0.01888
540,213,
540,216,-0.01016
540,219,-0.00929
540,220,0.01603
540,221,0.03033
540,223,0.00045
540,224,0.00725
540,225,-0.01162
540,227,0.03363
540,228,-0.02312
540,231,0.06586
540,232,
540,233,
540,234,
540,238,-0.02622
540,241,0.00402
540,242,0.01873
540,245,-0.01605
540,249,0.00022
540,254,0.01301
540,265,0.01367
540,268,0.02188
540,270,
540,271,
540,272,
540,317,-0.00065
540,335,
540,382,
540,383,-0.03379
540,384,0.04381
540,444,
540,445,
540,447,
540,448,
540,451,
540,452,-0.0323
540,455,0.01464
540,486,
540,487,-0.01523
540,488,-0.00783
540,515,
540,518,-0.0188
540,519,0.00013
540,520,0.04639
540,521,0.00442
540,536,
540,537,
540,538,0.01474
540,539,0.00794
540,540,
540,541,0.05728
541,213,
541,216,-0.00654
541,219,-0.01552
541,220,0.02326
541,221,0.02717
541,223,-0.02924
541,224,0.00007
541,225,-0.02831
541,227,-0.00459
541,228,-0.01826
541,231,0.06048
541,232,
541,233,
541,234,
541,238,-0.01906
541,241,-0.01048
541,242,-0.04481
541,245,-0.03179
541,249,0.00802
541,254,-0.01654
541,265,-0.02141
541,268,0.01973
541,270,
541,271,
541,272,
541,317,-0.00026
541,335,
541,382,
541,383,0.00355
541,384,0.0218
541,444,
541,445,
541,447,
541,448,
541,451,
541,452,0.02572
541,455,0.03449
541,486,
541,487,-0.00859
541,488,-0.00634
541,515,
541,518,-0.01384
541,519,0.00117
541,520,0.04572
541,521,0.0422
541,536,
541,537,
541,538,0.0201
541,539,0.01888
541,540,0.05728
541,541,
