c,d,MIp
246,246,
246,249,
246,252,
246,253,
246,254,
246,256,
246,257,
246,258,
246,260,
246,261,
246,264,
246,265,
246,266,
246,267,
246,271,
246,274,
246,275,
246,278,
246,282,
246,370,
246,410,
246,411,
246,412,
246,460,
246,461,
246,463,
246,464,
246,467,
246,468,
246,471,
246,502,
246,503,
246,504,
246,529,
246,550,
246,551,
246,552,
246,553,
246,554,
246,555,
246,287,
246,298,
246,301,
246,303,
246,304,
246,305,
246,352,
246,532,
246,533,
246,534,
246,535,
249,246,
249,249,
249,252,0.00181
249,253,-0.00516
249,254,-0.00134
249,256,0.00264
249,257,-0.00758
249,258,0.00397
249,260,-0.00333
249,261,0.00165
249,264,0.00686
249,265,
249,266,
249,267,
249,271,
249,274,
249,275,
249,278,0.00741
249,282,0.00083
249,370,-0.00999
249,410,
249,411,-0.00499
249,412,-0.00768
249,460,-0.00222
249,461,-0.00198
249,463,0.00969
249,464,0.00652
249,467,-0.00457
249,468,0.00195
249,471,0.0143
249,502,-0.00379
249,503,
249,504,
249,529,
249,550,
249,551,
249,552,0.00046
249,553,-0.00372
249,554,-0.00308
249,555,-0.007
249,287,-0.00137
249,298,-0.00141
249,301,-0.01002
249,303,0.00602
249,304,
249,305,
249,352,-0.00666
249,532,0.00167
249,533,0.00322
249,534,-0.00075
249,535,0.00026
252,246,
252,249,0.00181
252,252,
252,253,-0.0009
252,254,-0.01394
252,256,-0.01859
252,257,0.01886
252,258,0.00138
252,260,0.02157
252,261,-0.00245
252,264,0.03126
252,265,
252,266,
252,267,
252,271,
252,274,
252,275,
252,278,0.03835
252,282,-0.00636
252,370,0.00037
252,410,
252,411,0.00282
252,412,-0.02568
252,460,-0.00736
252,461,0.02513
252,463,-0.00721
252,464,-0.00388
252,467,-0.00926
252,468,-0.00045
252,471,0.00754
252,502,0.01531
252,503,
252,504,
252,529,
252,550,
252,551,
252,552,0.06146
252,553,0.02183
252,554,-0.00713
252,555,0.00789
252,287,0.01676
252,298,-0.00323
252,301,-0.01965
252,303,-0.02101
252,304,
252,305,
252,352,-0.0155
252,532,-0.03048
252,533,0.02697
252,534,0.03217
252,535,-0.00881
253,246,
253,249,-0.00516
253,252,-0.0009
253,253,
253,254,-0.01571
253,256,0.01617
253,257,-0.01293
253,258,-0.01236
253,260,-0.01473
253,261,-0.01431
253,264,-0.02325
253,265,
253,266,
253,267,
253,271,
253,274,
253,275,
253,278,-0.01265
253,282,-0.00301
253,370,0.03038
253,410,
253,411,0.04704
253,412,0.00696
253,460,-0.01354
253,461,-0.00466
253,463,-0.00836
253,464,-0.00857
253,467,0.04838
253,468,-0.00626
253,471,-0.02112
253,502,-0.00499
253,503,
253,504,
253,529,
253,550,
253,551,
253,552,-0.00275
253,553,-0.02075
253,554,-0.00355
253,555,0.00584
253,287,0.00296
253,298,-0.00233
253,301,-0.01037
253,303,0.03
253,304,
253,305,
253,352,-0.00095
253,532,-0.01744
253,533,-0.01906
253,534,-0.00304
253,535,0.00476
254,246,
254,249,-0.00134
254,252,-0.01394
254,253,-0.01571
254,254,
254,256,-0.00537
254,257,0.00634
254,258,0.05284
254,260,0.00419
254,261,0.0085
254,264,0.01534
254,265,
254,266,
254,267,
254,271,
254,274,
254,275,
254,278,-0.03962
254,282,0.03774
254,370,-0.03474
254,410,
254,411,-0.01693
254,412,-0.00084
254,460,0.00417
254,461,0.01284
254,463,-0.02558
254,464,0.02296
254,467,-0.04059
254,468,0.00609
254,471,0.04098
254,502,-0.01895
254,503,
254,504,
254,529,
254,550,
254,551,
254,552,-0.00203
254,553,0.00588
254,554,0.007
254,555,-0.01074
254,287,0.02504
254,298,-0.00677
254,301,0.00996
254,303,-0.01194
254,304,
254,305,
254,352,0.03859
254,532,0.04174
254,533,0.0085
254,534,-0.01033
254,535,-0.0184
256,246,
256,249,0.00264
256,252,-0.01859
256,253,0.01617
256,254,-0.00537
256,256,
256,257,-0.00882
256,258,-0.01264
256,260,-0.03505
256,261,-0.00107
256,264,-0.00709
256,265,
256,266,
256,267,
256,271,
256,274,
256,275,
256,278,-0.0027
256,282,0.00968
256,370,0.00628
256,410,
256,411,-0.014
256,412,0.00843
256,460,0.00665
256,461,-0.02214
256,463,0.02512
256,464,0.00643
256,467,-0.00677
256,468,0.00725
256,471,-0.00763
256,502,-0.02271
256,503,
256,504,
256,529,
256,550,
256,551,
256,552,-0.01529
256,553,-0.01253
256,554,0.01535
256,555,0.00263
256,287,0.00729
256,298,-0.0067
256,301,-0.01534
256,303,-0.02524
256,304,
256,305,
256,352,0.00815
256,532,0.01131
256,533,-0.03113
256,534,-0.0071
256,535,-0.02948
257,246,
257,249,-0.00758
257,252,0.01886
257,253,-0.01293
257,254,0.00634
257,256,-0.00882
257,257,
257,258,0.00343
257,260,0.02502
257,261,0.02851
257,264,0.03158
257,265,
257,266,
257,267,
257,271,
257,274,
257,275,
257,278,0.03335
257,282,-0.00377
257,370,-0.01979
257,410,
257,411,0.02867
257,412,0.00144
257,460,-0.00932
257,461,0.03717
257,463,0.04519
257,464,0.00704
257,467,0.00513
257,468,-0.00279
257,471,0.01642
257,502,0.00148
257,503,
257,504,
257,529,
257,550,
257,551,
257,552,0.04021
257,553,0.02113
257,554,0.00068
257,555,0.01333
257,287,0.0029
257,298,0.00296
257,301,0.0288
257,303,-0.03649
257,304,
257,305,
257,352,0.0004
257,532,0.06663
257,533,0.04846
257,534,-0.00329
257,535,0.0175
258,246,
258,249,0.00397
258,252,0.00138
258,253,-0.01236
258,254,0.05284
258,256,-0.01264
258,257,0.00343
258,258,
258,260,0.01063
258,261,0.01325
258,264,-0.00526
258,265,
258,266,
258,267,
258,271,
258,274,
258,275,
258,278,-0.03
258,282,0.0357
258,370,-0.01801
258,410,
258,411,-0.01765
258,412,0.01553
258,460,0.00311
258,461,0.00509
258,463,0.00555
258,464,0.01504
258,467,-0.01801
258,468,0.02067
258,471,0.00973
258,502,-0.0078
258,503,
258,504,
258,529,
258,550,
258,551,
258,552,-0.0026
258,553,0.00857
258,554,-0.00926
258,555,-0.0192
258,287,0.01526
258,298,-0.00425
258,301,0.00978
258,303,-0.01893
258,304,
258,305,
258,352,0.02842
258,532,0.03292
258,533,0.00626
258,534,-0.00785
258,535,-0.01067
260,246,
260,249,-0.00333
260,252,0.02157
260,253,-0.01473
260,254,0.00419
260,256,-0.03505
260,257,0.02502
260,258,0.01063
260,260,
260,261,-0.00884
260,264,0.05298
260,265,
260,266,
260,267,
260,271,
260,274,
260,275,
260,278,-0.01948
260,282,0.00411
260,370,-0.00357
260,410,
260,411,-0.00367
260,412,-0.04215
260,460,0.00345
260,461,0.07109
260,463,-0.02531
260,464,0.00292
260,467,-0.02369
260,468,-0.00494
260,471,0.03982
260,502,0.06252
260,503,
260,504,
260,529,
260,550,
260,551,
260,552,0.03605
260,553,0.12752
260,554,-0.00143
260,555,0.02115
260,287,-0.01848
260,298,0.00199
260,301,-0.00568
260,303,-0.02075
260,304,
260,305,
260,352,0.00318
260,532,-0.00772
260,533,0.06204
260,534,-0.00267
260,535,0.074
261,246,
261,249,0.00165
261,252,-0.00245
261,253,-0.01431
261,254,0.0085
261,256,-0.00107
261,257,0.02851
261,258,0.01325
261,260,-0.00884
261,261,
261,264,0.01672
261,265,
261,266,
261,267,
261,271,
261,274,
261,275,
261,278,0.01409
261,282,-0.00183
261,370,-0.01142
261,410,
261,411,-0.02815
261,412,-0.0266
261,460,0.04001
261,461,-0.01062
261,463,0.02833
261,464,0.0426
261,467,0.03306
261,468,0.04303
261,471,0.01295
261,502,-0.02459
261,503,
261,504,
261,529,
261,550,
261,551,
261,552,0.00432
261,553,0.00138
261,554,0.01541
261,555,-0.0101
261,287,0.01393
261,298,0.01037
261,301,0.00456
261,303,0.01416
261,304,
261,305,
261,352,0.00689
261,532,-0.00824
261,533,0.02006
261,534,-0.01362
261,535,0.00031
264,246,
264,249,0.00686
264,252,0.03126
264,253,-0.02325
264,254,0.01534
264,256,-0.00709
264,257,0.03158
264,258,-0.00526
264,260,0.05298
264,261,0.01672
264,264,
264,265,
264,266,
264,267,
264,271,
264,274,
264,275,
264,278,0.01867
264,282,-0.01178
264,370,-0.03493
264,410,
264,411,-0.01766
264,412,-0.03416
264,460,0.01668
264,461,0.02568
264,463,-0.02943
264,464,0.01455
264,467,-0.03404
264,468,-0.0046
264,471,0.03529
264,502,0.01141
264,503,
264,504,
264,529,
264,550,
264,551,
264,552,0.02604
264,553,0.05122
264,554,0.00008
264,555,0.03704
264,287,0.0089
264,298,0.0052
264,301,-0.0191
264,303,-0.02272
264,304,
264,305,
264,352,0.02216
264,532,-0.01182
264,533,0.05298
264,534,-0.02183
264,535,0.01223
265,246,
265,249,
265,252,
265,253,
265,254,
265,256,
265,257,
265,258,
265,260,
265,261,
265,264,
265,265,
265,266,
265,267,
265,271,
265,274,
265,275,
265,278,
265,282,
265,370,
265,410,
265,411,
265,412,
265,460,
265,461,
265,463,
265,464,
265,467,
265,468,
265,471,
265,502,
265,503,
265,504,
265,529,
265,550,
265,551,
265,552,
265,553,
265,554,
265,555,
265,287,
265,298,
265,301,
265,303,
265,304,
265,305,
265,352,
265,532,
265,533,
265,534,
265,535,
266,246,
266,249,
266,252,
266,253,
266,254,
266,256,
266,257,
266,258,
266,260,
266,261,
266,264,
266,265,
266,266,
266,267,
266,271,
266,274,
266,275,
266,278,
266,282,
266,370,
266,410,
266,411,
266,412,
266,460,
266,461,
266,463,
266,464,
266,467,
266,468,
266,471,
266,502,
266,503,
266,504,
266,529,
266,550,
266,551,
266,552,
266,553,
266,554,
266,555,
266,287,
266,298,
266,301,
266,303,
266,304,
266,305,
266,352,
266,532,
266,533,
266,534,
266,535,
267,246,
267,249,
267,252,
267,253,
267,254,
267,256,
267,257,
267,258,
267,260,
267,261,
267,264,
267,265,
267,266,
267,267,
267,271,
267,274,
267,275,
267,278,
267,282,
267,370,
267,410,
267,411,
267,412,
267,460,
267,461,
267,463,
267,464,
267,467,
267,468,
267,471,
267,502,
267,503,
267,504,
267,529,
267,550,
267,551,
267,552,
267,553,
267,554,
267,555,
267,287,
267,298,
267,301,
267,303,
267,304,
267,305,
267,352,
267,532,
267,533,
267,534,
267,535,
271,246,
271,249,
271,252,
271,253,
271,254,
271,256,
271,257,
271,258,
271,260,
271,261,
271,264,
271,265,
271,266,
271,267,
271,271,
271,274,
271,275,
271,278,
271,282,
271,370,
271,410,
271,411,
271,412,
271,460,
271,461,
271,463,
271,464,
271,467,
271,468,
271,471,
271,502,
271,503,
271,504,
271,529,
271,550,
271,551,
271,552,
271,553,
271,554,
271,555,
271,287,
271,298,
271,301,
271,303,
271,304,
271,305,
271,352,
271,532,
271,533,
271,534,
271,535,
274,246,
274,249,
274,252,
274,253,
274,254,
274,256,
274,257,
274,258,
274,260,
274,261,
274,264,
274,265,
274,266,
274,267,
274,271,
274,274,
274,275,
274,278,
274,282,
274,370,
274,410,
274,411,
274,412,
274,460,
274,461,
274,463,
274,464,
274,467,
274,468,
274,471,
274,502,
274,503,
274,504,
274,529,
274,550,
274,551,
274,552,
274,553,
274,554,
274,555,
274,287,
274,298,
274,301,
274,303,
274,304,
274,305,
274,352,
274,532,
274,533,
274,534,
274,535,
275,246,
275,249,
275,252,
275,253,
275,254,
275,256,
275,257,
275,258,
275,260,
275,261,
275,264,
275,265,
275,266,
275,267,
275,271,
275,274,
275,275,
275,278,
275,282,
275,370,
275,410,
275,411,
275,412,
275,460,
275,461,
275,463,
275,464,
275,467,
275,468,
275,471,
275,502,
275,503,
275,504,
275,529,
275,550,
275,551,
275,552,
275,553,
275,554,
275,555,
275,287,
275,298,
275,301,
275,303,
275,304,
275,305,
275,352,
275,532,
275,533,
275,534,
275,535,
278,246,
278,249,0.00741
278,252,0.03835
278,253,-0.01265
278,254,-0.03962
278,256,-0.0027
278,257,0.03335
278,258,-0.03
278,260,-0.01948
278,261,0.01409
278,264,0.01867
278,265,
278,266,
278,267,
278,271,
278,274,
278,275,
278,278,
278,282,-0.02719
278,370,0.0015
278,410,
278,411,0.00716
278,412,-0.00986
278,460,0.00228
278,461,-0.01512
278,463,0.02805
278,464,0.00817
278,467,0.01753
278,468,-0.00865
278,471,0.00049
278,502,-0.00925
278,503,
278,504,
278,529,
278,550,
278,551,
278,552,0.04545
278,553,-0.00484
278,554,0.00564
278,555,0.00421
278,287,-0.01015
278,298,-0.00609
278,301,-0.02598
278,303,0.03685
278,304,
278,305,
278,352,-0.01465
278,532,0.00599
278,533,-0.00807
278,534,0.0255
278,535,-0.04349
282,246,
282,249,0.00083
282,252,-0.00636
282,253,-0.00301
282,254,0.03774
282,256,0.00968
282,257,-0.00377
282,258,0.0357
282,260,0.00411
282,261,-0.00183
282,264,-0.01178
282,265,
282,266,
282,267,
282,271,
282,274,
282,275,
282,278,-0.02719
282,282,
282,370,-0.00466
282,410,
282,411,-0.01572
282,412,0.02043
282,460,0.0121
282,461,0.00001
282,463,-0.0017
282,464,0.00677
282,467,-0.01134
282,468,0.00176
282,471,0.00367
282,502,0.00519
282,503,
282,504,
282,529,
282,550,
282,551,
282,552,-0.00155
282,553,0.00436
282,554,-0.00892
282,555,-0.014
282,287,-0.0147
282,298,-0.004
282,301,0.00373
282,303,-0.00359
282,304,
282,305,
282,352,0.02438
282,532,0.00583
282,533,-0.00469
282,534,-0.02112
282,535,-0.00341
287,287,
287,298,-0.00962
287,301,-0.01561
287,303,-0.00128
287,304,
287,305,
287,352,-0.00469
287,532,-0.00706
287,533,-0.0051
287,534,-0.00583
287,535,-0.04033
287,249,-0.00137
287,252,0.01676
287,253,0.00296
287,254,0.02504
287,256,0.00729
287,257,0.0029
287,258,0.01526
287,260,-0.01848
287,261,0.01393
287,264,0.0089
287,278,-0.01015
287,282,-0.0147
287,370,-0.00668
287,411,0.01879
287,412,-0.02271
287,460,0.00443
287,461,0.0044
287,463,0.02485
287,464,0.01575
287,467,-0.01845
287,468,0.0165
287,471,0.00371
287,502,-0.01965
287,552,0.00631
287,553,0.00535
287,554,0.01702
287,555,-0.01973
287,246,
287,265,
287,266,
287,267,
287,271,
287,274,
287,275,
287,410,
287,503,
287,504,
287,529,
287,550,
287,551,
298,287,-0.00962
298,298,
298,301,0.00086
298,303,0.00038
298,304,
298,305,
298,352,-0.0055
298,532,-0.01269
298,533,0.00487
298,534,-0.00987
298,535,0.01054
298,551,
298,249,-0.00141
298,252,-0.00323
298,253,-0.00233
298,254,-0.00677
298,256,-0.0067
298,257,0.00296
298,258,-0.00425
298,260,0.00199
298,261,0.01037
298,264,0.0052
298,278,-0.00609
298,282,-0.004
298,370,-0.0021
298,411,-0.00711
298,412,-0.00642
298,460,0.02251
298,461,-0.00499
298,463,-0.00856
298,464,-0.00424
298,467,0.00613
298,468,-0.00336
298,471,0.00849
298,502,-0.00555
298,552,-0.00429
298,553,-0.00659
298,554,-0.00253
298,555,-0.00848
298,246,
298,265,
298,266,
298,267,
298,271,
298,274,
298,275,
298,410,
298,503,
298,504,
298,529,
298,550,
301,287,-0.01561
301,298,0.00086
301,301,
301,303,-0.0458
301,304,
301,305,
301,352,0.01097
301,532,0.06724
301,533,-0.00288
301,534,-0.00345
301,535,0.00362
301,551,
301,249,-0.01002
301,252,-0.01965
301,253,-0.01037
301,254,0.00996
301,256,-0.01534
301,257,0.0288
301,258,0.00978
301,260,-0.00568
301,261,0.00456
301,264,-0.0191
301,278,-0.02598
301,282,0.00373
301,370,0.02395
301,411,-0.01454
301,412,0.01959
301,460,-0.00373
301,461,-0.00995
301,463,0.02216
301,464,-0.01246
301,467,0.04961
301,468,0.00198
301,471,0.01412
301,502,0.01451
301,552,-0.01877
301,553,-0.00218
301,554,-0.00193
301,555,-0.00281
301,246,
301,265,
301,266,
301,267,
301,271,
301,274,
301,275,
301,410,
301,503,
301,504,
301,529,
301,550,
303,287,-0.00128
303,298,0.00038
303,301,-0.0458
303,303,
303,304,
303,305,
303,352,-0.01598
303,532,-0.02824
303,533,-0.02945
303,534,0.01086
303,535,-0.00204
303,551,
303,249,0.00602
303,252,-0.02101
303,253,0.03
303,254,-0.01194
303,256,-0.02524
303,257,-0.03649
303,258,-0.01893
303,260,-0.02075
303,261,0.01416
303,264,-0.02272
303,278,0.03685
303,282,-0.00359
303,370,0.02765
303,411,0.03986
303,412,0.00769
303,460,0.0043
303,461,-0.0224
303,463,0.0101
303,464,-0.00267
303,467,0.02831
303,468,-0.00812
303,471,-0.03095
303,502,-0.00105
303,552,-0.02919
303,553,-0.01286
303,554,-0.00654
303,555,-0.01771
303,246,
303,265,
303,266,
303,267,
303,271,
303,274,
303,275,
303,410,
303,503,
303,504,
303,529,
303,550,
304,287,
304,298,
304,301,
304,303,
304,304,
304,305,
304,352,
304,532,
304,533,
304,534,
304,535,
304,551,
304,249,
304,252,
304,253,
304,254,
304,256,
304,257,
304,258,
304,260,
304,261,
304,264,
304,278,
304,282,
304,370,
304,411,
304,412,
304,460,
304,461,
304,463,
304,464,
304,467,
304,468,
304,471,
304,502,
304,552,
304,553,
304,554,
304,555,
304,246,
304,265,
304,266,
304,267,
304,271,
304,274,
304,275,
304,410,
304,503,
304,504,
304,529,
304,550,
305,287,
305,298,
305,301,
305,303,
305,304,
305,305,
305,352,
305,532,
305,533,
305,534,
305,535,
305,551,
305,249,
305,252,
305,253,
305,254,
305,256,
305,257,
305,258,
305,260,
305,261,
305,264,
305,278,
305,282,
305,370,
305,411,
305,412,
305,460,
305,461,
305,463,
305,464,
305,467,
305,468,
305,471,
305,502,
305,552,
305,553,
305,554,
305,555,
305,246,
305,265,
305,266,
305,267,
305,271,
305,274,
305,275,
305,410,
305,503,
305,504,
305,529,
305,550,
352,287,-0.00469
352,298,-0.0055
352,301,0.01097
352,303,-0.01598
352,304,
352,305,
352,352,
352,532,0.01921
352,533,0.00945
352,534,-0.02031
352,535,0.00822
352,551,
352,249,-0.00666
352,252,-0.0155
352,253,-0.00095
352,254,0.03859
352,256,0.00815
352,257,0.0004
352,258,0.02842
352,260,0.00318
352,261,0.00689
352,264,0.02216
352,278,-0.01465
352,282,0.02438
352,370,-0.00866
352,411,-0.01513
352,412,0.00878
352,460,0.0054
352,461,0.01517
352,463,0.00074
352,464,0.03197
352,467,-0.0207
352,468,0.01255
352,471,0.03023
352,502,-0.00122
352,552,-0.02053
352,553,0.021
352,554,0.01554
352,555,-0.02318
352,246,
352,265,
352,266,
352,267,
352,271,
352,274,
352,275,
352,410,
352,503,
352,504,
352,529,
352,550,
370,246,
370,249,-0.00999
370,252,0.00037
370,253,0.03038
370,254,-0.03474
370,256,0.00628
370,257,-0.01979
370,258,-0.01801
370,260,-0.00357
370,261,-0.01142
370,264,-0.03493
370,265,
370,266,
370,267,
370,271,
370,274,
370,275,
370,278,0.0015
370,282,-0.00466
370,370,
370,410,
370,411,0.01936
370,412,0.0173
370,460,0.01274
370,461,-0.01982
370,463,-0.01664
370,464,-0.01268
370,467,0.02933
370,468,0.00611
370,471,-0.02009
370,502,0.00651
370,503,
370,504,
370,529,
370,550,
370,551,
370,552,-0.00234
370,553,-0.02215
370,554,0.00415
370,555,0.00787
370,287,-0.00668
370,298,-0.0021
370,301,0.02395
370,303,0.02765
370,304,
370,305,
370,352,-0.00866
370,532,-0.01509
370,533,-0.02819
370,534,0.02217
370,535,0.05068
410,246,
410,249,
410,252,
410,253,
410,254,
410,256,
410,257,
410,258,
410,260,
410,261,
410,264,
410,265,
410,266,
410,267,
410,271,
410,274,
410,275,
410,278,
410,282,
410,370,
410,410,
410,411,
410,412,
410,460,
410,461,
410,463,
410,464,
410,467,
410,468,
410,471,
410,502,
410,503,
410,504,
410,529,
410,550,
410,551,
410,552,
410,553,
410,554,
410,555,
410,287,
410,298,
410,301,
410,303,
410,304,
410,305,
410,352,
410,532,
410,533,
410,534,
410,535,
411,246,
411,249,-0.00499
411,252,0.00282
411,253,0.04704
411,254,-0.01693
411,256,-0.014
411,257,0.02867
411,258,-0.01765
411,260,-0.00367
411,261,-0.02815
411,264,-0.01766
411,265,
411,266,
411,267,
411,271,
411,274,
411,275,
411,278,0.00716
411,282,-0.01572
411,370,0.01936
411,410,
411,411,
411,412,0.06817
411,460,-0.02066
411,461,-0.00932
411,463,0.03358
411,464,-0.00381
411,467,0.04329
411,468,-0.01383
411,471,-0.04219
411,502,0.01734
411,503,
411,504,
411,529,
411,550,
411,551,
411,552,-0.00682
411,553,-0.0124
411,554,-0.00377
411,555,0.00658
411,287,0.01879
411,298,-0.00711
411,301,-0.01454
411,303,0.03986
411,304,
411,305,
411,352,-0.01513
411,532,0.01651
411,533,-0.01902
411,534,0.03667
411,535,0.04398
412,246,
412,249,-0.00768
412,252,-0.02568
412,253,0.00696
412,254,-0.00084
412,256,0.00843
412,257,0.00144
412,258,0.01553
412,260,-0.04215
412,261,-0.0266
412,264,-0.03416
412,265,
412,266,
412,267,
412,271,
412,274,
412,275,
412,278,-0.00986
412,282,0.02043
412,370,0.0173
412,410,
412,411,0.06817
412,412,
412,460,-0.01034
412,461,-0.01243
412,463,0.00344
412,464,-0.0272
412,467,-0.004
412,468,-0.00817
412,471,-0.02887
412,502,0.01697
412,503,
412,504,
412,529,
412,550,
412,551,
412,552,-0.02403
412,553,-0.03199
412,554,-0.008
412,555,0.0173
412,287,-0.02271
412,298,-0.00642
412,301,0.01959
412,303,0.00769
412,304,
412,305,
412,352,0.00878
412,532,0.04708
412,533,-0.03563
412,534,-0.00095
412,535,0.00175
460,246,
460,249,-0.00222
460,252,-0.00736
460,253,-0.01354
460,254,0.00417
460,256,0.00665
460,257,-0.00932
460,258,0.00311
460,260,0.00345
460,261,0.04001
460,264,0.01668
460,265,
460,266,
460,267,
460,271,
460,274,
460,275,
460,278,0.00228
460,282,0.0121
460,370,0.01274
460,410,
460,411,-0.02066
460,412,-0.01034
460,460,
460,461,-0.01491
460,463,-0.00147
460,464,0.02971
460,467,0.0121
460,468,0.01517
460,471,0.01011
460,502,0.00583
460,503,
460,504,
460,529,
460,550,
460,551,
460,552,0.00124
460,553,-0.00973
460,554,0.00544
460,555,-0.01608
460,287,0.00443
460,298,0.02251
460,301,-0.00373
460,303,0.0043
460,304,
460,305,
460,352,0.0054
460,532,-0.02147
460,533,0.00718
460,534,-0.01612
460,535,-0.00056
461,246,
461,249,-0.00198
461,252,0.02513
461,253,-0.00466
461,254,0.01284
461,256,-0.02214
461,257,0.03717
461,258,0.00509
461,260,0.07109
461,261,-0.01062
461,264,0.02568
461,265,
461,266,
461,267,
461,271,
461,274,
461,275,
461,278,-0.01512
461,282,0.00001
461,370,-0.01982
461,410,
461,411,-0.00932
461,412,-0.01243
461,460,-0.01491
461,461,
461,463,-0.02028
461,464,-0.00141
461,467,-0.0302
461,468,-0.0086
461,471,0.0603
461,502,0.05928
461,503,
461,504,
461,529,
461,550,
461,551,
461,552,0.03636
461,553,0.07061
461,554,-0.00498
461,555,0.01978
461,287,0.0044
461,298,-0.00499
461,301,-0.00995
461,303,-0.0224
461,304,
461,305,
461,352,0.01517
461,532,0.02291
461,533,0.07081
461,534,-0.02179
461,535,0.0414
463,246,
463,249,0.00969
463,252,-0.00721
463,253,-0.00836
463,254,-0.02558
463,256,0.02512
463,257,0.04519
463,258,0.00555
463,260,-0.02531
463,261,0.02833
463,264,-0.02943
463,265,
463,266,
463,267,
463,271,
463,274,
463,275,
463,278,0.02805
463,282,-0.0017
463,370,-0.01664
463,410,
463,411,0.03358
463,412,0.00344
463,460,-0.00147
463,461,-0.02028
463,463,
463,464,0.02902
463,467,0.06408
463,468,0.02671
463,471,-0.02214
463,502,-0.03011
463,503,
463,504,
463,529,
463,550,
463,551,
463,552,-0.01997
463,553,-0.01851
463,554,0.00041
463,555,-0.02681
463,287,0.02485
463,298,-0.00856
463,301,0.02216
463,303,0.0101
463,304,
463,305,
463,352,0.00074
463,532,0.04055
463,533,-0.02912
463,534,0.00769
463,535,-0.01615
464,246,
464,249,0.00652
464,252,-0.00388
464,253,-0.00857
464,254,0.02296
464,256,0.00643
464,257,0.00704
464,258,0.01504
464,260,0.00292
464,261,0.0426
464,264,0.01455
464,265,
464,266,
464,267,
464,271,
464,274,
464,275,
464,278,0.00817
464,282,0.00677
464,370,-0.01268
464,410,
464,411,-0.00381
464,412,-0.0272
464,460,0.02971
464,461,-0.00141
464,463,0.02902
464,464,
464,467,-0.01351
464,468,0.04259
464,471,0.00862
464,502,-0.00501
464,503,
464,504,
464,529,
464,550,
464,551,
464,552,0.00796
464,553,0.01597
464,554,0.03004
464,555,-0.01778
464,287,0.01575
464,298,-0.00424
464,301,-0.01246
464,303,-0.00267
464,304,
464,305,
464,352,0.03197
464,532,-0.01024
464,533,0.01639
464,534,0.00706
464,535,-0.01259
467,246,
467,249,-0.00457
467,252,-0.00926
467,253,0.04838
467,254,-0.04059
467,256,-0.00677
467,257,0.00513
467,258,-0.01801
467,260,-0.02369
467,261,0.03306
467,264,-0.03404
467,265,
467,266,
467,267,
467,271,
467,274,
467,275,
467,278,0.01753
467,282,-0.01134
467,370,0.02933
467,410,
467,411,0.04329
467,412,-0.004
467,460,0.0121
467,461,-0.0302
467,463,0.06408
467,464,-0.01351
467,467,
467,468,-0.01147
467,471,-0.05521
467,502,-0.01005
467,503,
467,504,
467,529,
467,550,
467,551,
467,552,-0.02919
467,553,-0.03054
467,554,-0.01728
467,555,-0.00977
467,287,-0.01845
467,298,0.00613
467,301,0.04961
467,303,0.02831
467,304,
467,305,
467,352,-0.0207
467,532,0.00538
467,533,-0.03432
467,534,0.00194
467,535,0.01791
468,246,
468,249,0.00195
468,252,-0.00045
468,253,-0.00626
468,254,0.00609
468,256,0.00725
468,257,-0.00279
468,258,0.02067
468,260,-0.00494
468,261,0.04303
468,264,-0.0046
468,265,
468,266,
468,267,
468,271,
468,274,
468,275,
468,278,-0.00865
468,282,0.00176
468,370,0.00611
468,410,
468,411,-0.01383
468,412,-0.00817
468,460,0.01517
468,461,-0.0086
468,463,0.02671
468,464,0.04259
468,467,-0.01147
468,468,
468,471,0.01106
468,502,-0.01072
468,503,
468,504,
468,529,
468,550,
468,551,
468,552,0.00325
468,553,0.01016
468,554,0.02662
468,555,-0.00973
468,287,0.0165
468,298,-0.00336
468,301,0.00198
468,303,-0.00812
468,304,
468,305,
468,352,0.01255
468,532,0.00282
468,533,0.01793
468,534,0.00425
468,535,-0.01203
471,246,
471,249,0.0143
471,252,0.00754
471,253,-0.02112
471,254,0.04098
471,256,-0.00763
471,257,0.01642
471,258,0.00973
471,260,0.03982
471,261,0.01295
471,264,0.03529
471,265,
471,266,
471,267,
471,271,
471,274,
471,275,
471,278,0.00049
471,282,0.00367
471,370,-0.02009
471,410,
471,411,-0.04219
471,412,-0.02887
471,460,0.01011
471,461,0.0603
471,463,-0.02214
471,464,0.00862
471,467,-0.05521
471,468,0.01106
471,471,
471,502,0.04318
471,503,
471,504,
471,529,
471,550,
471,551,
471,552,0.02182
471,553,0.04295
471,554,0.02104
471,555,-0.01748
471,287,0.00371
471,298,0.00849
471,301,0.01412
471,303,-0.03095
471,304,
471,305,
471,352,0.03023
471,532,0.01407
471,533,0.0662
471,534,-0.02468
471,535,0.04077
502,246,
502,249,-0.00379
502,252,0.01531
502,253,-0.00499
502,254,-0.01895
502,256,-0.02271
502,257,0.00148
502,258,-0.0078
502,260,0.06252
502,261,-0.02459
502,264,0.01141
502,265,
502,266,
502,267,
502,271,
502,274,
502,275,
502,278,-0.00925
502,282,0.00519
502,370,0.00651
502,410,
502,411,0.01734
502,412,0.01697
502,460,0.00583
502,461,0.05928
502,463,-0.03011
502,464,-0.00501
502,467,-0.01005
502,468,-0.01072
502,471,0.04318
502,502,
502,503,
502,504,
502,529,
502,550,
502,551,
502,552,0.01508
502,553,0.07968
502,554,-0.00032
502,555,0.01048
502,287,-0.01965
502,298,-0.00555
502,301,0.01451
502,303,-0.00105
502,304,
502,305,
502,352,-0.00122
502,532,-0.02409
502,533,0.05357
502,534,0.0041
502,535,0.05012
503,246,
503,249,
503,252,
503,253,
503,254,
503,256,
503,257,
503,258,
503,260,
503,261,
503,264,
503,265,
503,266,
503,267,
503,271,
503,274,
503,275,
503,278,
503,282,
503,370,
503,410,
503,411,
503,412,
503,460,
503,461,
503,463,
503,464,
503,467,
503,468,
503,471,
503,502,
503,503,
503,504,
503,529,
503,550,
503,551,
503,552,
503,553,
503,554,
503,555,
503,287,
503,298,
503,301,
503,303,
503,304,
503,305,
503,352,
503,532,
503,533,
503,534,
503,535,
504,246,
504,249,
504,252,
504,253,
504,254,
504,256,
504,257,
504,258,
504,260,
504,261,
504,264,
504,265,
504,266,
504,267,
504,271,
504,274,
504,275,
504,278,
504,282,
504,370,
504,410,
504,411,
504,412,
504,460,
504,461,
504,463,
504,464,
504,467,
504,468,
504,471,
504,502,
504,503,
504,504,
504,529,
504,550,
504,551,
504,552,
504,553,
504,554,
504,555,
504,287,
504,298,
504,301,
504,303,
504,304,
504,305,
504,352,
504,532,
504,533,
504,534,
504,535,
529,246,
529,249,
529,252,
529,253,
529,254,
529,256,
529,257,
529,258,
529,260,
529,261,
529,264,
529,265,
529,266,
529,267,
529,271,
529,274,
529,275,
529,278,
529,282,
529,370,
529,410,
529,411,
529,412,
529,460,
529,461,
529,463,
529,464,
529,467,
529,468,
529,471,
529,502,
529,503,
529,504,
529,529,
529,550,
529,551,
529,552,
529,553,
529,554,
529,555,
529,287,
529,298,
529,301,
529,303,
529,304,
529,305,
529,352,
529,532,
529,533,
529,534,
529,535,
532,287,-0.00706
532,298,-0.01269
532,301,0.06724
532,303,-0.02824
532,304,
532,305,
532,352,0.01921
532,532,
532,533,-0.00039
532,534,0.00415
532,535,-0.00189
532,551,
532,249,0.00167
532,252,-0.03048
532,253,-0.01744
532,254,0.04174
532,256,0.01131
532,257,0.06663
532,258,0.03292
532,260,-0.00772
532,261,-0.00824
532,264,-0.01182
532,278,0.00599
532,282,0.00583
532,370,-0.01509
532,411,0.01651
532,412,0.04708
532,460,-0.02147
532,461,0.02291
532,463,0.04055
532,464,-0.01024
532,467,0.00538
532,468,0.00282
532,471,0.01407
532,502,-0.02409
532,552,-0.00846
532,553,-0.01484
532,554,0.00361
532,555,-0.0131
532,246,
532,265,
532,266,
532,267,
532,271,
532,274,
532,275,
532,410,
532,503,
532,504,
532,529,
532,550,
533,287,-0.0051
533,298,0.00487
533,301,-0.00288
533,303,-0.02945
533,304,
533,305,
533,352,0.00945
533,532,-0.00039
533,533,
533,534,-0.02265
533,535,0.04156
533,551,
533,249,0.00322
533,252,0.02697
533,253,-0.01906
533,254,0.0085
533,256,-0.03113
533,257,0.04846
533,258,0.00626
533,260,0.06204
533,261,0.02006
533,264,0.05298
533,278,-0.00807
533,282,-0.00469
533,370,-0.02819
533,411,-0.01902
533,412,-0.03563
533,460,0.00718
533,461,0.07081
533,463,-0.02912
533,464,0.01639
533,467,-0.03432
533,468,0.01793
533,471,0.0662
533,502,0.05357
533,552,0.02463
533,553,0.06357
533,554,0.01236
533,555,-0.00042
533,246,
533,265,
533,266,
533,267,
533,271,
533,274,
533,275,
533,410,
533,503,
533,504,
533,529,
533,550,
534,287,-0.00583
534,298,-0.00987
534,301,-0.00345
534,303,0.01086
534,304,
534,305,
534,352,-0.02031
534,532,0.00415
534,533,-0.02265
534,534,
534,535,0.00761
534,551,
534,249,-0.00075
534,252,0.03217
534,253,-0.00304
534,254,-0.01033
534,256,-0.0071
534,257,-0.00329
534,258,-0.00785
534,260,-0.00267
534,261,-0.01362
534,264,-0.02183
534,278,0.0255
534,282,-0.02112
534,370,0.02217
534,411,0.03667
534,412,-0.00095
534,460,-0.01612
534,461,-0.02179
534,463,0.00769
534,464,0.00706
534,467,0.00194
534,468,0.00425
534,471,-0.02468
534,502,0.0041
534,552,0.0191
534,553,-0.01241
534,554,-0.00748
534,555,0.00175
534,246,
534,265,
534,266,
534,267,
534,271,
534,274,
534,275,
534,410,
534,503,
534,504,
534,529,
534,550,
535,287,-0.04033
535,298,0.01054
535,301,0.00362
535,303,-0.00204
535,304,
535,305,
535,352,0.00822
535,532,-0.00189
535,533,0.04156
535,534,0.00761
535,535,
535,551,
535,249,0.00026
535,252,-0.00881
535,253,0.00476
535,254,-0.0184
535,256,-0.02948
535,257,0.0175
535,258,-0.01067
535,260,0.074
535,261,0.00031
535,264,0.01223
535,278,-0.04349
535,282,-0.00341
535,370,0.05068
535,411,0.04398
535,412,0.00175
535,460,-0.00056
535,461,0.0414
535,463,-0.01615
535,464,-0.01259
535,467,0.01791
535,468,-0.01203
535,471,0.04077
535,502,0.05012
535,552,0.00631
535,553,0.03455
535,554,-0.00111
535,555,-0.00526
535,246,
535,265,
535,266,
535,267,
535,271,
535,274,
535,275,
535,410,
535,503,
535,504,
535,529,
535,550,
550,246,
550,249,
550,252,
550,253,
550,254,
550,256,
550,257,
550,258,
550,260,
550,261,
550,264,
550,265,
550,266,
550,267,
550,271,
550,274,
550,275,
550,278,
550,282,
550,370,
550,410,
550,411,
550,412,
550,460,
550,461,
550,463,
550,464,
550,467,
550,468,
550,471,
550,502,
550,503,
550,504,
550,529,
550,550,
550,551,
550,552,
550,553,
550,554,
550,555,
550,287,
550,298,
550,301,
550,303,
550,304,
550,305,
550,352,
550,532,
550,533,
550,534,
550,535,
551,246,
551,249,
551,252,
551,253,
551,254,
551,256,
551,257,
551,258,
551,260,
551,261,
551,264,
551,265,
551,266,
551,267,
551,271,
551,274,
551,275,
551,278,
551,282,
551,370,
551,410,
551,411,
551,412,
551,460,
551,461,
551,463,
551,464,
551,467,
551,468,
551,471,
551,502,
551,503,
551,504,
551,529,
551,550,
551,551,
551,552,
551,553,
551,554,
551,555,
551,287,
551,298,
551,301,
551,303,
551,304,
551,305,
551,352,
551,532,
551,533,
551,534,
551,535,
552,246,
552,249,0.00046
552,252,0.06146
552,253,-0.00275
552,254,-0.00203
552,256,-0.01529
552,257,0.04021
552,258,-0.0026
552,260,0.03605
552,261,0.00432
552,264,0.02604
552,265,
552,266,
552,267,
552,271,
552,274,
552,275,
552,278,0.04545
552,282,-0.00155
552,370,-0.00234
552,410,
552,411,-0.00682
552,412,-0.02403
552,460,0.00124
552,461,0.03636
552,463,-0.01997
552,464,0.00796
552,467,-0.02919
552,468,0.00325
552,471,0.02182
552,502,0.01508
552,503,
552,504,
552,529,
552,550,
552,551,
552,552,
552,553,0.03284
552,554,0.01848
552,555,0.00397
552,287,0.00631
552,298,-0.00429
552,301,-0.01877
552,303,-0.02919
552,304,
552,305,
552,352,-0.02053
552,532,-0.00846
552,533,0.02463
552,534,0.0191
552,535,0.00631
553,246,
553,249,-0.00372
553,252,0.02183
553,253,-0.02075
553,254,0.00588
553,256,-0.01253
553,257,0.02113
553,258,0.00857
553,260,0.12752
553,261,0.00138
553,264,0.05122
553,265,
553,266,
553,267,
553,271,
553,274,
553,275,
553,278,-0.00484
553,282,0.00436
553,370,-0.02215
553,410,
553,411,-0.0124
553,412,-0.03199
553,460,-0.00973
553,461,0.07061
553,463,-0.01851
553,464,0.01597
553,467,-0.03054
553,468,0.01016
553,471,0.04295
553,502,0.07968
553,503,
553,504,
553,529,
553,550,
553,551,
553,552,0.03284
553,553,
553,554,0.01726
553,555,0.0085
553,287,0.00535
553,298,-0.00659
553,301,-0.00218
553,303,-0.01286
553,304,
553,305,
553,352,0.021
553,532,-0.01484
553,533,0.06357
553,534,-0.01241
553,535,0.03455
554,246,
554,249,-0.00308
554,252,-0.00713
554,253,-0.00355
554,254,0.007
554,256,0.01535
554,257,0.00068
554,258,-0.00926
554,260,-0.00143
554,261,0.01541
554,264,0.00008
554,265,
554,266,
554,267,
554,271,
554,274,
554,275,
554,278,0.00564
554,282,-0.00892
554,370,0.00415
554,410,
554,411,-0.00377
554,412,-0.008
554,460,0.00544
554,461,-0.00498
554,463,0.00041
554,464,0.03004
554,467,-0.01728
554,468,0.02662
554,471,0.02104
554,502,-0.00032
554,503,
554,504,
554,529,
554,550,
554,551,
554,552,0.01848
554,553,0.01726
554,554,
554,555,-0.01508
554,287,0.01702
554,298,-0.00253
554,301,-0.00193
554,303,-0.00654
554,304,
554,305,
554,352,0.01554
554,532,0.00361
554,533,0.01236
554,534,-0.00748
554,535,-0.00111
555,246,
555,249,-0.007
555,252,0.00789
555,253,0.00584
555,254,-0.01074
555,256,0.00263
555,257,0.01333
555,258,-0.0192
555,260,0.02115
555,261,-0.0101
555,264,0.03704
555,265,
555,266,
555,267,
555,271,
555,274,
555,275,
555,278,0.00421
555,282,-0.014
555,370,0.00787
555,410,
555,411,0.00658
555,412,0.0173
555,460,-0.01608
555,461,0.01978
555,463,-0.02681
555,464,-0.01778
555,467,-0.00977
555,468,-0.00973
555,471,-0.01748
555,502,0.01048
555,503,
555,504,
555,529,
555,550,
555,551,
555,552,0.00397
555,553,0.0085
555,554,-0.01508
555,555,
555,287,-0.01973
555,298,-0.00848
555,301,-0.00281
555,303,-0.01771
555,304,
555,305,
555,352,-0.02318
555,532,-0.0131
555,533,-0.00042
555,534,0.00175
555,535,-0.00526
